0.0018247096773214891 1.2535558290407102e-06 7.712989911794799e-11 1.879850086744516e-10 2.1006675012203163e-20 1.2966583032766914e-13 8.43207525580245e-21 
0.002845361604412985 3.1969688989881657e-06 2.8342996447501594e-10 1.4030395805338866e-10 2.1461172225902137e-20 2.2644236126491826e-13 -1.7950670840394626e-20 
0.0017113039320150222 1.472723817160568e-06 6.585387121047335e-12 1.1201204057039696e-11 -2.1980827930631275e-23 1.0125925325962036e-14 -9.365800655120444e-23 
0.001762796404186987 1.1076120337438537e-06 7.961830479921116e-11 1.770826321887869e-10 2.0472023069704162e-20 1.180857785005527e-13 -4.7975988860081295e-21 
0.002449878630334466 2.3642883461445676e-06 2.6016611886719624e-09 6.100259107621832e-10 1.4902666848808212e-20 -8.771782119254425e-14 -7.683624293975267e-19 
0.002044049163373282 1.952801662657033e-06 3.0371019958092987e-10 3.5345247368328426e-11 -3.622624917737803e-21 -4.457207652328009e-14 5.360221801589814e-22 
0.0016754108984062693 1.0234235349511115e-06 5.5478874626023776e-11 5.872419815413187e-12 7.475568810087392e-23 5.901891780068901e-15 -7.514478358207228e-23 
0.0029309204341398613 4.2965906580969025e-06 1.5244897105327814e-09 9.978669372402579e-10 1.0750931352822357e-18 1.886915416005253e-12 5.991074683271291e-19 
0.0012432342847555448 5.638378167750572e-07 2.9356589132963494e-12 9.829230442573503e-12 1.464716553811418e-23 1.9056609591633192e-15 5.0727475742241925e-23 
0.0017866917585762118 1.0100332176794012e-07 4.6357333353755764e-12 2.2392616782346148e-11 2.6029591520029187e-24 7.086539071739665e-15 -2.281330608038387e-22 
0.0016877255528771227 1.6646109536763634e-06 1.3970583495333013e-12 2.2218001737412163e-11 4.354235072252029e-23 2.8258226748334355e-14 -1.1587303534651262e-22 
0.0031272532732035275 5.3277393629424284e-06 9.423346384663472e-11 3.6688217504905507e-10 6.821693433590073e-20 7.228880907654002e-13 -7.983735143707562e-23 
0.001965649818570344 1.6565092121583707e-08 2.5830617512670104e-12 3.034776835808208e-11 1.925810299639503e-22 3.8749528933140834e-15 1.8737360637790146e-22 
0.0016268414316845763 9.68712431395564e-07 2.8407344457633564e-10 8.333503861053486e-11 1.158862419344369e-20 7.277005221449328e-14 5.487097244979253e-21 
0.0011690010371706201 3.017137964008444e-07 3.8148151283014145e-11 1.861254596837022e-11 3.8940887623865934e-22 6.469868543108097e-15 -3.0714110354193907e-22 
0.003082966195473751 2.3299895773048013e-06 1.7699019757810192e-09 3.988982495662682e-10 1.2579561187707652e-19 3.71422124516881e-13 3.1066987441535703e-19 
0.0015487629015569135 8.980077261041399e-07 4.531477787839439e-12 6.190661121749565e-11 1.0153467845382147e-21 4.35485464640456e-14 2.1018105244340616e-22 
0.002323872059201539 2.267773251319949e-06 1.179817654346448e-10 3.574580555883913e-11 -4.419207382362621e-22 2.4543116547606922e-14 2.278921318130747e-21 
0.00203118013678278 1.4116840731635956e-06 1.3793717534068165e-10 6.100089183109948e-12 2.6660548375898196e-23 -5.407681311192991e-16 1.7492771767613874e-22 
0.0017250722465826315 1.37801484342445e-06 2.265103357728329e-11 6.649428097504787e-11 1.7413391490950627e-21 5.438444102515891e-14 1.9045280194504045e-21 
0.0026154746491310423 2.9635675832113103e-06 1.283899958224259e-10 2.6819222982966975e-10 -6.635929476898497e-21 -2.610060163356106e-13 -4.9321837432646985e-20 
0.003005211363683654 3.366231055332279e-06 5.145342933688576e-11 1.1639827973684295e-10 -9.00795181480362e-21 -1.7561724695056617e-13 -1.8852920291328233e-23 
0.00247746801381964 3.390920365544672e-06 2.338352388028374e-10 1.0214036269657264e-10 1.2690517969550502e-20 1.8797578564423063e-13 -9.387460915051196e-21 
0.003899857533408989 9.219775405501636e-06 1.579481493635672e-09 1.7652897445696928e-09 2.947635867740434e-18 3.787566994560888e-12 1.724883893311659e-20 
0.00222688339161455 2.062739386894302e-06 1.1617178189702841e-11 1.926398371395474e-11 1.7628665357681753e-22 7.872972061945741e-15 2.2797562584902774e-22 
0.0019853232864300496 1.5526753573122613e-06 8.29925130498747e-12 2.5712475869537633e-12 -8.860848638261214e-24 2.605420024847948e-15 7.909932760594837e-24 
0.0020337657162267015 2.738883371891681e-06 9.83843452860839e-11 1.0903617186524134e-10 1.1284197805174902e-20 1.7978410733163224e-13 -4.520471672111491e-22 
0.0019813481201720728 6.538362821458423e-07 8.013261561372272e-10 5.934688451352903e-11 8.728157236618537e-21 -6.713481653033205e-15 9.555875267819891e-21 
0.002142956599275361 2.8700989060912567e-06 2.5060102562785775e-10 1.2309587754021833e-10 2.1516788858063672e-20 2.0467616129624256e-13 -2.1105307771800096e-21 
0.0022023353399550096 3.1208354776906297e-06 3.361625344055527e-10 2.0259502139663902e-10 5.121657900467188e-20 3.5565472626565864e-13 1.3122816759664296e-20 
0.0021105881139506593 1.710258518037397e-06 4.362209498258325e-11 4.275872850820975e-11 -1.8312045247879165e-21 -1.0405730377004331e-15 -2.385329472145885e-22 
0.001893182882973614 8.904659779827468e-07 1.0989996795156162e-10 6.697216262672846e-11 -5.6747880619297194e-21 4.649461664084314e-14 8.996897685716708e-22 
0.0024515758602277663 2.365339942340213e-06 7.313733510736977e-10 1.5376984459041421e-10 -4.4403821638116756e-20 -2.2387543700247312e-13 2.6220426481183628e-20 
0.0017961244633029607 1.6779576550537782e-06 1.2039730249121873e-12 7.858978155729462e-13 -7.590758066631789e-25 1.9464553715380978e-16 9.061109824598926e-26 
0.0015836836150555805 1.0128499286916478e-06 6.571494425008542e-12 6.498839734698636e-11 -9.662217041946873e-23 4.511270841837216e-14 -1.3395501324497584e-21 
0.0018339005984643456 1.5091494130204364e-06 9.844426272731969e-11 1.3170211028214346e-11 -1.3606621897868782e-22 3.7636894800796e-15 4.542853624969454e-22 
0.002161962456937459 9.170561708851469e-07 2.0361032131623987e-10 2.3133759014525583e-10 -1.2807966739093834e-20 2.722623138886486e-15 -4.8546432497498525e-20 
0.0020302167474118967 1.62706837690767e-06 1.7203624476926063e-11 5.740869232449961e-12 3.860319268262029e-23 7.329177750822503e-16 4.2009617229543266e-23 
0.0016880267025147883 8.184786748549786e-07 1.727698399904897e-10 1.0377637425218373e-10 1.2925317315310406e-20 7.942065942085404e-14 5.101743367019042e-21 
0.0015971599107698067 1.159621640250199e-06 2.454464981291033e-10 1.751392058543756e-10 3.5390791559886885e-20 1.8812551866459357e-13 -8.128551143526917e-21 
0.003101919374519067 5.784799350192323e-06 2.2615076805442684e-11 5.13935468439869e-11 -1.5989314677257082e-21 3.2718935497401925e-14 -7.164603340304512e-22 
0.002188063369765752 7.22680697858739e-07 4.3931590473624544e-10 1.1939614445857524e-12 -2.6806256495519587e-23 3.4657170675403633e-16 -5.399984103845091e-24 
0.0031028640573122195 5.519692188431022e-06 1.496576510678711e-09 1.9434447203229222e-09 3.2263961258189295e-18 4.379511776625188e-12 7.587875626753124e-19 
0.002507383060076554 2.1019173496470496e-06 2.0942892306119136e-10 1.4188625999064087e-10 -2.0579549921309195e-20 -1.6925949672735437e-14 -1.3217324034757616e-20 
0.004082585505490634 8.675090643233968e-06 1.2616264713922528e-09 1.3525587674616006e-10 5.553867302931388e-20 2.322582531722087e-15 6.1003060742999e-21 
0.0018242379714819294 1.4688940295215939e-06 5.20165413817699e-11 4.43226690368057e-11 8.94920078943287e-22 5.34172569605258e-14 -1.9308790606989596e-21 
0.0019511281494317906 1.4222863610383823e-06 3.62790933613592e-10 1.0221429838968e-10 -4.059396044748932e-21 -5.305965877258353e-14 1.9260052947327525e-20 
0.0019608135237152184 1.5645229389369574e-06 4.7207145283720064e-14 4.507878309849491e-11 2.3238362477125177e-23 5.6056606999319006e-14 -6.151717554845757e-23 
0.002363263972301602 2.8184775764421615e-06 9.796752549201598e-10 9.676796736887752e-10 9.340880928900225e-19 1.6198460998283327e-12 -1.2329419590293122e-19 
0.002351679810875555 2.456954386772901e-06 1.1157502133587678e-09 1.0816792082921007e-09 1.1700513969471884e-18 1.6944424996866723e-12 -2.0753284240808987e-19 
0.002944114218254172 4.4123720534354745e-06 8.570577112959177e-10 4.0206217467285816e-10 2.3431474688726513e-19 8.438686568328271e-13 -2.830242675818237e-20 
0.0013267819032325916 4.2057621109355156e-08 1.1119290485980313e-10 1.0768153303503804e-10 8.988788168665481e-21 -2.8595467159283365e-15 -7.618219151008619e-21 
0.0015251332242515445 6.427250894526696e-07 3.830658996564985e-10 6.20103407921394e-11 -6.975782476989177e-22 -7.107928064537544e-15 9.531757579548881e-21 
0.002841794127414194 4.3787202963228034e-06 1.1575694511545868e-10 2.4232757830680076e-11 5.093157287172933e-22 1.8383151891107383e-14 -1.178063059719734e-21 
0.0021757829665482596 1.706151620004305e-06 1.7774886401760796e-10 2.5060105519875153e-10 3.6607294103374526e-21 1.1929145426539792e-13 5.276367287230173e-20 
0.0019612625717627384 1.9036056033048603e-06 5.829995802896689e-10 2.1222215190723999e-10 4.053038713268217e-20 1.40138910168965e-13 6.268702691924213e-20 
0.0016410328875195552 8.406836055677202e-07 1.3440443162001928e-10 1.857308009824183e-10 2.91429806397016e-20 9.206507884651404e-14 -3.4365775440299944e-21 
0.0018327283747645443 2.0766329952270473e-06 4.114121559844006e-11 1.1228020183530148e-11 7.242827930783865e-23 2.7746975403962574e-15 2.3019446596530263e-22 
0.0019847412087068477 1.2563170516876259e-06 1.8120267335825745e-10 2.143800243456114e-10 3.6254385918726087e-20 2.0526564261924408e-13 -2.1701280573380353e-20 
0.001850192673383199 4.3604646408566e-07 4.122175574378755e-12 7.12127998349412e-11 -8.872169783793448e-22 8.205603015353753e-15 8.375701074090261e-22 
0.0018904804924834194 7.166115276173425e-07 8.510797709756918e-12 1.0262081793392536e-11 -5.617265412231859e-23 -8.42417451125506e-15 7.773209623604353e-23 
0.0023696969009325323 2.4827818746625427e-06 5.604970796385694e-10 8.500652302990196e-10 5.776647024296385e-19 1.3312469550791877e-12 1.029466536560438e-19 
0.0008447227702342124 1.8151476246191688e-07 5.658060436282165e-12 1.978844922147379e-12 6.611899239983998e-24 8.160492678052433e-16 -3.5503663572672315e-25 
0.0020017359639002384 1.754857188791672e-08 7.78403407635121e-10 5.963485878868466e-10 2.5725597109289637e-19 -4.7454118676554854e-14 -3.1448925431213157e-19 
0.0035545462784319177 3.1495915301614236e-06 6.125773811571196e-11 7.297366840960882e-10 -1.5426281844028218e-19 -7.912110311575874e-13 2.7397821848142286e-21 
0.005358572749902091 1.6849157528595614e-05 9.134966633219886e-10 2.4299213335592843e-09 3.61879625010346e-18 8.822676681174687e-12 1.0353454882363852e-19 
0.0021221576874537133 2.985316042217178e-07 2.3295654475023396e-10 2.3697592861726827e-11 3.7757853487618446e-22 -1.2873100419754937e-14 1.719773095167735e-21 
0.0009955736795517131 1.2349728498284357e-07 6.2609068808257e-12 1.2434202681476446e-11 8.692053749934026e-23 4.090888304898363e-15 6.694076933647981e-23 
0.0026868785246038336 4.51334754152405e-06 3.1171573522455137e-10 3.8454946523664947e-10 1.3311652343594914e-19 7.859672139099509e-13 2.4858793213269646e-21 
0.002989020822773715 1.344851630854131e-06 1.5697792651391919e-10 1.4836956918479146e-09 7.11286971184178e-19 1.6648183683977562e-12 -8.235525343408081e-20 
0.0011449549742692498 3.1859107757374363e-07 2.6578487659886687e-12 3.1036485875160766e-13 -2.6964113558361975e-25 -7.918567036126419e-17 8.217989798316777e-26 
0.00118464261946318 5.610229620217749e-08 1.0644394693628566e-11 8.340210251739284e-12 7.095356791441782e-23 1.6169401121902883e-15 -3.3775798339518e-23 
0.0015262981692580127 6.134712523970699e-07 5.877042536866235e-11 5.3385953059772594e-11 2.0977758942160193e-21 2.7588138755862102e-14 -2.131066102510277e-21 
0.0015451464375411427 3.8542863673787947e-07 1.386901033566154e-10 5.269316882031933e-11 1.6278085614545528e-21 2.9860217176556686e-14 -4.200175178833721e-21 
0.0020363421433231077 5.41831403574009e-07 9.628971735805646e-11 1.1254931427371863e-10 7.958025940960218e-22 8.282132377876907e-14 -1.1689614107900325e-20 
0.0019772757469764075 6.172360824875348e-07 3.465900674143705e-13 2.395696404708418e-11 -2.2105100264520295e-23 -1.219942792932269e-14 6.539799128256188e-23 
0.0011697799093006354 2.1370933701900282e-08 9.677072161883423e-12 9.97159583913091e-12 -8.73914179778678e-23 -1.2427714653725441e-15 4.424460975537672e-23 
0.0012165293667552204 4.1682549536068645e-08 9.302128462922933e-12 1.299710507006748e-13 -1.3816574930389507e-25 -5.706751438018493e-18 3.651509255531101e-26 
0.0021994560427603983 1.3945922004344235e-06 4.233252228732511e-11 7.412783650364236e-11 2.8752663833421762e-21 4.231437379222636e-14 2.996006234015739e-21 
0.0012255137183883255 5.767284359750102e-08 3.3060330452342584e-11 1.7820101754280907e-11 4.225687787982087e-22 4.118652814762736e-15 -9.23043514644224e-23 
0.0014196764327937283 1.6965388378449544e-08 4.016555356443407e-12 1.2499004936667553e-11 7.191155879543277e-23 -1.2651345707915175e-15 -5.168838433861539e-23 
0.0017160894607251413 1.8449759699633614e-06 9.400106219098642e-12 1.4544733289830712e-11 1.6919695246783609e-22 1.9746610403095726e-14 -1.719994459207805e-23 
0.0017813574772565378 1.7629259847865246e-06 3.053180667022272e-11 6.477504489529883e-12 6.555761762654994e-23 8.415017578754283e-15 6.324746314434273e-23 
0.0012783013625234083 2.725598631209571e-08 1.2515490963193087e-10 3.4900078480289816e-12 -7.315320499174491e-24 -2.7534416049661475e-16 7.257186497083134e-23 
0.0016341755916438304 1.150029452078649e-08 5.428610990492623e-12 1.889541364246804e-10 -1.9319807364857085e-21 2.0255501506377365e-14 -5.73504917490175e-21 
0.0024707891806305168 9.310087999936998e-08 5.314752718263001e-11 2.6629769128789693e-11 1.4016482889571525e-22 -7.246739121502024e-15 9.919731357002901e-22 
0.0014725162922842247 2.596894347066001e-07 8.475132574911526e-12 8.328627027593617e-12 -6.905655497058991e-23 7.513297747980763e-16 1.1290607472236082e-23 
0.0018469950447311163 1.761624542673377e-07 8.298071231471224e-11 3.749635876798578e-12 3.6644578227381076e-23 -2.572557867652483e-16 5.506211317609338e-23 
0.0015049084976327043 5.345429573675305e-08 4.425799212689075e-11 2.8590822757316555e-11 -8.360352300831325e-22 1.7584403294073414e-15 -5.79141583264818e-22 
0.0015744654051840648 4.356482600457208e-07 1.0772759076620201e-10 2.1793541738470085e-13 -2.1336770160043867e-25 2.719940259321696e-17 -1.0341979648460705e-24 
0.001403891524993246 1.513254417750513e-07 1.850280906000403e-11 3.1335566641491074e-11 7.5266796988765175e-22 1.0976419699074218e-14 -5.294251068538868e-23 
0.0011562263304969725 1.1325210515591867e-07 4.331106689769137e-11 1.8191129706401716e-11 -4.751708900157707e-22 -6.078455342191484e-15 -1.8690841084780027e-22 
0.0009198600185598453 9.52515580331081e-08 2.552601422735082e-12 3.0532974638421465e-13 2.625728613065565e-25 6.887701132350067e-17 6.094792876033192e-26 
0.001118223655749193 2.2893246127839073e-07 2.3684479982727674e-11 4.344187772039179e-12 4.22176959127108e-23 -1.0079845839249042e-16 1.2625356933198952e-23 
0.0011938982698763455 2.5675883563023697e-07 2.3764688832403178e-11 3.548203309835368e-12 2.4541384540121262e-23 1.794049139393724e-15 2.1431575033001552e-23 
0.0011207883598379296 1.7627732394452198e-07 2.495588795820462e-11 1.9280028378517803e-12 1.2330820320571592e-23 8.062188408646321e-16 5.177237647797859e-24 
0.0009313334029420922 2.9042597173574155e-08 5.8735457653232475e-12 2.1189586617742614e-12 1.6670055015619804e-24 -1.3456352516723547e-16 -7.287150409134894e-24 
0.0012212514975136646 4.0744413124618214e-07 3.61388628932787e-11 3.7193063750942975e-11 1.3631268833920956e-21 1.7227445261672573e-14 3.5095152412810825e-23 
0.0018388679323662178 2.981447468160429e-07 1.4997089183058056e-10 1.1423891764749633e-10 -4.4742445149820994e-21 -2.0484178302136128e-14 1.42677786567306e-20 
0.0036641442098383128 7.599427627959539e-06 9.314247130653169e-10 2.0229707571922934e-10 5.773292192718772e-20 5.121961357881149e-13 6.61665619489296e-20 
0.0020442857359671625 1.7674271811986454e-06 1.983306223392081e-10 8.275940071345654e-11 -5.752970834087488e-21 -1.0719328384905011e-13 -8.906338303010588e-21 
0.002692090985707977 3.5380420915055954e-06 7.937996459980212e-10 1.7958141804000296e-11 1.9048724445532675e-21 3.36938086524821e-14 -9.842148581999961e-22 
0.0014534304629975966 5.710817437360908e-07 5.607480078245617e-11 1.9953563924507196e-12 -1.4414134310825047e-23 1.4976719610434943e-15 1.541796728403938e-23 
0.0017098558558816066 1.4195371478383048e-06 6.761538171056743e-12 9.549783846226979e-12 6.159930658904586e-23 -3.4618003035072988e-15 -4.5763700329779946e-23 
0.0017568923700059587 4.097512768287944e-07 2.404578324396078e-10 2.1394011072389844e-10 4.4733275636515794e-20 1.36599230332592e-13 -1.8802275833293694e-20 
0.0017613046928768574 4.1081018947619865e-07 4.992808376850087e-10 1.5604024858528617e-10 -3.082292334630844e-20 -9.535164303611136e-14 3.077162096388479e-20 
0.0019935013104867253 1.8174402558628106e-06 3.840815274315382e-10 2.3270818153060203e-10 6.369112032928393e-20 3.06652102115515e-13 2.799261058839157e-20 
0.001997804860658218 8.787854084111472e-07 1.1618768623193215e-10 2.5559994179813433e-10 3.774570766477035e-20 2.273346818111161e-13 2.270337054760195e-20 
0.002119064208126943 2.894518155746707e-06 3.3841901938369276e-11 7.534361386954534e-12 2.4523044809618612e-23 1.2688832331960085e-14 1.1778287139611643e-22 
0.002324107568786175 2.2197652779001526e-06 1.2511838709711879e-09 8.807719467068098e-10 6.814264973496156e-19 9.30886830853382e-13 6.249404202937051e-19 
0.002273026745789823 1.3514258023259123e-06 1.2077323773659406e-10 5.437974413257469e-10 3.481923161858984e-20 5.48236701210372e-13 1.3494108028555561e-19 
0.0019004115434767105 1.6716991826149531e-06 3.467591582449339e-11 2.3757399498110996e-11 5.802066891649466e-22 -8.567501060747934e-15 -3.5823161018905885e-22 
0.0022830629774401863 1.4304196698438652e-06 4.034573057991672e-10 2.395592953585916e-10 5.969759996201793e-21 -1.834101939707738e-13 -7.423669816039476e-20 
0.0029077513500882805 2.53766277380679e-06 8.80072571894675e-11 1.9556281386436984e-10 -2.211918640825426e-20 -1.0447059857617512e-13 -1.2998886752044962e-20 
0.0019176528212784762 6.548407250631395e-07 3.134962741374178e-10 2.2241128931318862e-11 -1.015609033450022e-21 -2.2835108733937034e-15 1.554868195881095e-21 
0.0021135280792421787 2.261398484990597e-06 3.531532553794583e-10 7.214619681628685e-10 3.59740110038766e-19 1.0114605522382259e-12 5.661606583065889e-20 
0.0021110342439792963 2.2853978377042146e-06 3.822267471841475e-10 1.6571437439311055e-10 3.499696790539665e-20 2.1513287521761629e-13 2.2685256512015438e-20 
0.0017778075213574294 1.2869975589844083e-06 2.2897327053561656e-10 2.39596323394232e-10 5.578867242828676e-20 2.662340450607871e-13 -6.0831954746949874e-21 
0.0016259831762013188 1.1574831395697758e-06 1.319463213988453e-10 5.7192747250355054e-11 3.9060101350141175e-21 5.560675075512724e-14 3.0703986139325352e-21 
0.0015269581913062668 1.1751665868205809e-06 8.010178447260856e-12 3.0320820657155327e-12 -1.4075075137107842e-23 -3.25992159097039e-15 5.017976317113117e-24 
0.00259178742741525 4.3952415578997385e-06 3.103667610183515e-10 5.588109303080402e-10 2.0116192658670134e-19 1.1114918322534014e-12 -1.1701617414687423e-19 
0.002545791630334083 4.321506023276841e-06 2.9271529967535436e-10 4.814110049889717e-10 1.643590012525406e-19 9.73290768974468e-13 -7.512929171716334e-20 
0.00304741584694188 4.291633193150804e-06 1.0456631560895056e-09 5.520696470337823e-10 2.282508352305368e-19 7.968308644312859e-13 3.519163720603871e-19 
0.0016889279709504591 7.459484695484121e-07 1.1801923788826004e-11 1.182556873328864e-10 3.49530492198572e-21 4.7010002554895426e-14 -2.7018709383621488e-21 
0.0031890004812575295 4.6561547462530345e-06 3.064515277346081e-10 4.559844561438006e-10 1.642693472180358e-19 9.604602770541751e-13 4.5497046233847416e-20 
0.003585422514484076 6.1768194199858635e-06 5.3933268604740677e-11 4.982570614052238e-10 8.003508042772392e-20 1.2375445809546505e-12 1.6303011070459776e-20 
0.0032257326076493382 5.068451258737939e-06 6.078320739567052e-10 1.638604611107314e-10 -7.647696860956388e-21 -2.4990722031348834e-13 5.114477630262922e-20 
0.0020757265236097905 1.1986367013141786e-06 7.121272027210629e-10 1.0138883507104867e-10 -2.2719409116943715e-20 -1.054610875021363e-13 -1.5034641849216556e-20 
0.0036961657613178876 6.447315638148291e-06 4.897378952999944e-09 7.217109685970969e-10 7.912735540047719e-19 5.779937812244982e-13 -1.1022184363900611e-18 
0.0019570211290338277 2.0672734065759815e-06 3.5287910317095846e-11 1.0232358004035428e-10 6.023603946027725e-21 1.1736823062228823e-13 -1.233504403944445e-21 
0.001682617696638749 1.4070314803154733e-06 1.497458254680543e-11 6.540240770752457e-12 -3.985223729569657e-23 -6.1930826380902746e-15 -5.1000449623929423e-23 
0.0027574836866397093 2.7828995589587858e-06 2.8905162185016933e-10 3.052996763889051e-11 -1.4218513792469072e-21 -5.338950813834781e-15 -2.4907207204406613e-21 
0.002117818626223495 1.2170859903796397e-06 1.014387019473442e-10 7.372706996604443e-11 5.7296340313504406e-21 1.5844868485774843e-14 2.7970601870594195e-21 
0.002326107736391166 1.7413530485882306e-06 5.957921741526282e-11 6.994340990967256e-12 -5.637265116561731e-24 1.532774132184642e-16 -1.426687437771356e-22 
0.0031899047502481426 1.2570965652308306e-06 1.118379537347447e-09 1.4645369201672604e-10 -5.753476681522072e-20 -1.9703102754914852e-14 -1.4242470557373137e-20 
0.001659122955782154 9.762384809962426e-07 2.5495356810847174e-10 1.13992385620866e-10 1.5272692657634417e-20 9.344147181085419e-14 -1.201640983131624e-20 
0.0013975050573529833 4.6112537050988497e-07 3.0183996951510905e-11 7.860563654265555e-12 7.898393293233163e-23 4.15546110534905e-15 9.176964707805997e-23 
0.0022916695146775554 2.2798661966669615e-06 1.6924247659843455e-11 5.131881581835974e-11 -8.163605437157735e-22 3.136361571467696e-14 1.273161565043476e-21 
0.0014193036624794587 5.643957566543101e-07 4.51000836290315e-12 6.712198927976942e-12 -2.7288895611559355e-23 5.040387716438794e-15 2.4883377890922156e-23 
0.002049116977544327 1.398019010145738e-06 1.8302835937067666e-11 9.356264472094101e-11 3.2804933154710406e-21 7.116293191848002e-14 -2.0565018067192074e-21 
0.001556341645577978 9.409181489841556e-07 3.2038474306409714e-11 1.3779409180029501e-11 2.32748117262589e-22 1.2758759580015547e-14 1.721958022796048e-22 
0.0029778961386254486 3.4646918848627016e-06 2.0188981524619802e-09 8.693112732118977e-10 7.484956985434439e-19 1.4188815968565012e-12 -8.752427318550541e-19 
0.0033060224885908367 5.8554247858942325e-06 2.3179317022747678e-11 1.5096615762463432e-10 7.765685851479615e-21 3.6350736718603787e-13 4.409731254780294e-21 
0.001670144278231099 1.146153280438767e-06 4.215543722727493e-12 2.3312218277896093e-12 2.41571502237842e-24 2.3712678482889642e-15 6.897252025784306e-24 
0.0024291162514747085 2.457129276096773e-06 3.539613507141999e-11 7.870413688358109e-11 3.1881587718674174e-21 6.848070589318488e-14 -2.6630766306977874e-21 
0.0037270619168761916 5.62456949148741e-06 7.331732458256699e-10 1.5036346515380903e-10 7.2279603841415e-21 1.6964248215296017e-13 -4.939886144295421e-20 
0.0017067676000697726 1.1820848273047383e-06 5.3065481478442306e-11 1.164141576075002e-11 2.3604193668280117e-22 3.6721909467620305e-15 -1.6734473353652243e-22 
0.0028461681237007953 4.350839614668323e-06 3.605487537145236e-10 4.01741384405261e-10 1.5245617777374628e-19 8.351200331895073e-13 -1.1615416970634735e-20 
0.0022861805340542536 2.3006704116878308e-06 1.0517144211609082e-10 1.8050564189623473e-10 2.4058769619789762e-20 1.3222708683939815e-13 6.3023008550097555e-21 
0.001776208442281593 1.787798653209903e-06 7.592544175984519e-11 6.109845582161492e-11 3.618619094336767e-21 7.79361743348791e-14 2.054947711672029e-21 
0.001924406310609763 1.3321946444835105e-06 4.2374074933244675e-10 9.811682923394936e-11 6.2031009614666366e-21 5.598968991656528e-14 -1.9020278383626178e-20 
0.0023384098994873852 1.9473559073948995e-06 1.1211112810450284e-10 2.5227971115044407e-11 2.2634165747547364e-22 1.1013158834265262e-14 1.3224468165214217e-21 
0.001541537743033531 1.1615188137577804e-06 6.612452887984668e-11 3.830180129682874e-12 5.552142542613655e-23 2.020680179622668e-15 2.515743063470875e-23 
0.0023731843681314385 2.1589864946325053e-06 3.1683629317579983e-10 1.6156081310576857e-10 1.5151218253113214e-20 1.0453785546406118e-13 -3.3264892096869057e-20 
0.0016028564288866848 1.1350167524964188e-06 8.051133532243029e-11 3.019268680175935e-11 1.3054397829295599e-21 3.161565806335253e-14 -7.153943025796591e-22 
0.0019304944275348713 1.6795785717674695e-06 3.985281349720362e-11 2.9389747527782904e-10 3.155548327498914e-20 3.473254487529803e-13 3.992413808708658e-21 
0.0022762399257151155 1.7797008664971781e-06 9.167291712316236e-11 7.94878774236241e-11 -3.890040781181632e-21 -1.0410785749176771e-13 -5.559539288859994e-21 
0.0029231664443697975 4.060548078217184e-06 1.2482442867095422e-11 8.322120701544283e-11 1.6666941802505508e-21 1.3466900424872756e-13 2.1015820456423068e-21 
0.0028650581212400616 9.197581999670976e-07 8.553104430121729e-10 5.475817950891822e-10 2.86135404047233e-19 4.861896328236613e-13 2.41991837423699e-19 
0.002891850434846328 9.933570556747808e-07 5.1178618967715285e-11 1.1530027301739016e-10 6.276476317454007e-21 1.1006549344002302e-13 6.2492742307892255e-21 
0.002749636531325161 2.737797754015828e-06 3.297965116917543e-10 6.19988061953099e-10 1.2196656504919726e-19 6.746936156496052e-13 -2.5242693961230213e-19 
0.0017085407494385454 1.4437177958023798e-06 7.601301830764997e-11 4.408470096085796e-11 1.7713656022453515e-21 4.312583451598236e-14 1.8370691253519994e-21 
0.002073298311143424 1.7099666922100716e-06 2.805048728614745e-10 1.3607349034664535e-10 1.8774189619215783e-20 -2.353210631604734e-15 1.8822113050115777e-20 
0.0036631218202877176 7.401434927065501e-06 3.730696397982041e-09 4.968371235967946e-09 2.134536226581509e-17 1.2836109449982832e-11 -1.3851441738421025e-18 
0.002550036152087988 1.453468214592382e-06 1.2691605162912216e-09 5.378583950488347e-10 4.346725292694846e-19 6.483829980532736e-13 9.240432650789656e-20 
0.0019899890310715604 7.140115591753495e-07 1.2862207939571608e-11 1.1784008879344403e-10 -4.565678083936987e-21 -9.018276973109414e-14 -4.492239226852644e-22 
0.003341984857344659 3.749808524161384e-06 4.5742217141643043e-11 4.628420511778331e-11 8.965754582854877e-22 -1.1845420034051344e-15 -1.9317227827209873e-21 
0.0016617682229126756 1.234132478384557e-06 1.367246137217558e-10 2.5184633110118952e-11 9.80167494745103e-22 2.4466070351224676e-14 1.106018305246095e-21 
0.0027188676126677406 3.417089857047256e-06 2.69124436128827e-10 3.284143166825451e-10 9.473622641914066e-20 2.281190121617259e-13 -2.3618279978616055e-20 
0.0022608880668965954 3.079616858233914e-06 5.136083548957168e-10 1.022619402971234e-10 4.746073773007669e-21 -1.5788807882316697e-15 -2.2950598453061918e-20 
0.002165220496517954 1.2097028578978777e-06 2.557764929284878e-10 1.2033665998118328e-10 1.986362710039176e-20 -1.1801391401830588e-14 -7.151816810280037e-21 
0.0024131312230050482 6.70866332658421e-07 2.471425664929818e-10 8.424397085452743e-10 3.536449696170911e-19 4.363041455678894e-13 -1.5065746148100667e-19 
0.0014598966988066237 9.338462672177378e-07 1.6526886886747884e-11 1.14764463587122e-11 1.170294274632887e-22 1.2808587305727918e-15 -1.06232368331464e-22 
0.0026120653654047488 3.6147931615416515e-06 6.83972972843851e-10 1.0786729063519167e-10 -2.7230433851775486e-20 -1.6236158676041481e-13 -1.0813885731293874e-20 
0.0027522297574789512 4.5408863140117874e-06 2.45849183708509e-10 1.5296732435555899e-12 -7.757727664267592e-24 6.113059037918411e-16 -2.8631825135872445e-23 
0.0019562004071773 2.0801388523322547e-06 9.256309708690536e-11 2.3044689497413792e-11 -8.993695511265205e-22 -2.813792476798089e-14 -5.691459900759457e-22 
0.0024384320037936814 2.557754204647636e-06 1.0902432339560674e-09 6.437352426778559e-10 5.206407924823188e-19 1.00512108291355e-12 -1.4059594679587812e-19 
0.0011009788846740403 2.73876069340807e-07 3.354873855245099e-11 2.503690046243456e-11 -9.161801214649876e-23 -3.097910895850428e-15 7.19812329683077e-22 
0.002571517331128005 2.4060717359477183e-06 7.882010613326041e-10 4.3359840034177427e-10 2.2084762284324e-19 5.940514400549188e-13 -1.244198811051454e-19 
0.001857558707414248 1.2591612393932844e-06 1.8132206100930725e-10 5.396479576328472e-11 -4.8708987966445675e-21 -3.9115318212579484e-14 -2.1840872634180228e-21 
0.0018018212319553181 1.7934109665351194e-06 5.4592900141158885e-11 3.984457774857175e-11 1.1721795381136734e-21 5.210265410793936e-14 1.4420024332712846e-21 
0.0035529727117034776 2.505704943654324e-06 1.4295956245308117e-09 9.264395160436586e-10 -2.7376449445211236e-19 1.2531551646663544e-12 1.0304375718377995e-18 
0.00213651982429859 2.0571039906623616e-06 2.4129745320584527e-10 5.5530146533189386e-11 -2.71978627719517e-21 -7.447011468046603e-14 -5.824152607643847e-21 
0.001845317656594085 1.817013182914729e-06 7.029101630254497e-11 4.831582385268458e-11 2.124468983061971e-21 2.8909586243507154e-14 -1.8478936467889336e-21 
0.0020003770669958084 2.1320886233423883e-06 3.59566930700814e-10 1.6152400551015447e-10 3.115388022952298e-20 1.4303704265296042e-13 2.3339002658832555e-20 
0.0019339891117151852 2.2121797367896104e-06 1.1642036918214768e-10 8.075744056606608e-11 6.88958881897005e-21 1.0823840621116521e-13 3.721553527375441e-21 
0.0029195972057832953 4.730509605721846e-06 9.861563404804251e-10 1.294939898726431e-09 1.384438001596445e-18 2.5060608111201545e-12 4.740418645018265e-19 
0.0020294831050168423 1.8219325489235118e-06 2.1023864261411483e-10 5.0450736254430684e-11 -3.4088962868489715e-21 -1.7780824797791152e-14 3.921275166851562e-21 
0.00594754205675889 1.1402842494420635e-05 1.3111249314002565e-09 5.541477449869926e-10 4.50385220541359e-19 4.1616316636674415e-13 1.423518609755359e-19 
0.0030915881253390327 2.549830158857264e-06 2.793125193548642e-09 6.866813593420726e-10 -8.547275256899341e-19 -1.0876778992932177e-12 -4.1693133962553583e-19 
0.001798955530326166 1.0344844908544477e-06 1.0806597326589554e-10 3.155788905712367e-10 5.632873893651877e-20 2.7462193159112077e-13 -1.494744223192135e-20 
0.0017878608277004902 9.232042842445637e-07 6.308382396451159e-11 4.768369783582311e-11 4.916771369255172e-22 -4.183411393603818e-14 -2.5686198148537186e-21 
0.0015736835698211156 5.079033414757631e-07 7.690872198510715e-11 1.561676952674329e-10 8.956255239838837e-21 5.806383772191925e-14 1.4584430334804152e-20 
0.0018627830955405197 9.22002250586296e-07 1.9681688085473594e-10 2.7484079963475315e-11 -1.5113640253599825e-21 -6.4048736753879196e-15 -1.3423301455255016e-21 
0.001774239668535535 1.129836691550203e-06 1.1452042452029908e-10 4.873306082832097e-11 -3.592920720276897e-21 -3.545312186484059e-14 5.874826752479724e-22 
0.0016071244544035462 8.233943767512211e-07 4.295982193915856e-11 3.864293407827403e-11 -1.34252495076441e-21 -9.950424903621609e-15 -8.225601657091033e-22 
0.0022020259867948848 1.3766700560552065e-06 1.1651371451699768e-10 3.099031629749635e-10 5.699553475808405e-20 9.308541565678152e-14 1.4809363916915273e-20 
0.0017259629987031498 1.4526035402483691e-06 9.390034226622873e-10 9.485510556339161e-10 8.856994759821195e-19 1.1259580834204263e-12 -1.301398749834153e-19 
0.0033974732170855984 4.464578454418154e-06 2.6979523702495645e-10 4.2740568772981807e-10 -2.228608627637614e-20 4.984061025642756e-13 1.4341556788112273e-19 
0.0015694387257009779 1.2145919196956707e-06 2.7546825934787845e-10 2.51447265445813e-10 6.606573961020599e-20 2.7393524209596646e-13 3.8333890697458445e-21 
0.0028432973021303132 1.932326040056454e-06 8.124425238799498e-10 2.423545968897059e-10 -2.0343830941627208e-20 1.7390978747916452e-14 1.0559900426066093e-19 
0.00431523131164843 1.1080271992480177e-05 1.1272211056229725e-09 5.897028695069912e-10 3.863784963010553e-19 2.593551166471853e-13 2.8612865624751154e-19 
0.0016302585215173218 8.117589694814942e-07 1.0956230432340815e-10 4.861166535496795e-11 -1.5124435127661294e-21 -4.915759116385035e-16 -3.2091069882693033e-21 
0.0020319881535002986 1.4506192353191401e-06 7.816267556911019e-11 9.825036153983661e-11 4.517491814110545e-21 1.1007184391352665e-13 -7.32963943346927e-21 
0.0037960225760658626 4.6193889388279955e-06 7.358918012685835e-09 1.1196561192215851e-09 2.283840648640381e-18 1.9835910509498544e-12 -2.261261078025029e-18 
0.0022654814483217185 2.665898306864916e-06 7.199733966792919e-10 1.966127812702858e-10 7.206192151239144e-20 2.7878070732179555e-13 -1.6707783747586775e-20 
0.0026996045711250045 3.2839355309661414e-06 2.0743092292369654e-10 1.1092639802564107e-10 1.6184859818346296e-20 2.9001030553219848e-15 4.6016650431487234e-21 
0.001984783002099242 6.271694210557196e-07 3.5386595071235625e-10 3.108838157352431e-10 -9.919776396839594e-20 -6.336921772446846e-14 -2.814689962908985e-20 
0.002028856195148457 2.3438523654745778e-06 7.193311498880756e-11 4.310156838338952e-12 5.499546352170126e-23 6.407609897694853e-15 5.2300172775183934e-23 
0.004047972611878437 7.293904102036761e-06 2.1482479274140605e-09 2.6818469325526123e-09 6.347409618677698e-18 5.731524377922379e-12 -1.0710768743353226e-18 
0.002243077374726244 2.520032332875651e-06 1.1571275060956345e-10 3.1479537196022026e-11 1.8999004386311086e-21 4.698371233820377e-14 -6.14812886001941e-24 
0.0022117282363066882 1.8744623486215172e-06 4.859194920991598e-10 1.4730289194520887e-11 1.1784100107807457e-21 1.827546702933261e-14 -4.0551852207235798e-22 
0.0032760687888822976 4.98049063895313e-06 1.0706027216911562e-09 7.13501290912988e-10 4.339162342193508e-19 6.235194317652528e-13 4.478772571659763e-19 
0.0027259938941463337 4.087155711717983e-06 7.293553350362273e-10 1.2813527934669697e-09 1.0302134540457148e-18 2.3452901714928932e-12 6.878110439982116e-19 
0.00191991022357389 1.2658345100122674e-06 8.24232912447701e-11 3.9099304179836515e-11 1.724865132713118e-21 3.131039058879316e-14 1.3969791399617012e-21 
0.0027685275858428567 4.40008707511285e-06 8.137893937521306e-10 5.000290366631114e-10 2.909048630301761e-19 9.999169587883104e-13 -1.3082720745309775e-19 
0.001960784998015288 5.862752552984207e-07 5.100505364177639e-10 3.5062377060651635e-10 1.3376401059751562e-19 2.1214530998619169e-13 6.397449890749684e-20 
0.002096265648434805 1.1158790707871783e-06 7.360973103934796e-11 3.784947409398439e-11 -1.776133539228237e-21 3.9070554669355444e-14 9.146875935753542e-22 
0.001960881352272956 2.0630052126280883e-06 7.3106825638341e-11 1.757618200451779e-11 -4.458503321740184e-22 -2.167421209693731e-14 -4.451556933015623e-22 
0.0025292803301706895 2.467730325861584e-06 3.245030706312851e-10 4.2564331826111595e-10 1.569831007302334e-19 6.381153752801209e-13 -1.9500758486982298e-20 
0.00314002826313378 4.745171552338655e-06 9.333641839492125e-11 1.0437248950565745e-10 -9.489652244959396e-21 -1.6094458401520833e-13 -4.008670207021709e-21 
0.002311334821734636 1.072469750083138e-06 9.926939987232275e-11 1.0862587453757893e-10 1.0369539657576155e-20 4.4582013492427205e-14 -4.439615348982888e-21 
0.0020528797161925303 1.566530889451903e-06 1.9360155822005798e-10 2.0102870878793687e-11 1.2119241244251817e-21 1.879243109083284e-14 -3.2260606693782845e-22 
0.0015404946656564996 1.6537484973198482e-07 5.445789192551175e-11 2.788764639918463e-11 -9.859620965060303e-22 -1.2175886947804848e-15 -4.571709186494848e-22 
0.0014899598111329229 8.870161385554561e-07 1.7455986632576492e-10 8.325609702302015e-11 1.6911970918833477e-21 2.568598351214967e-14 -9.893314475370596e-21 
0.0023531917273911266 1.7705454616508073e-06 5.394673011655213e-10 9.816656883995151e-10 6.355505729596232e-19 6.292442088374168e-13 3.2620726808018174e-19 
0.0014354453116476196 4.917563138179453e-07 8.555459285632766e-11 4.63586941406122e-11 1.5737863427474742e-21 2.908876496886924e-14 2.4590787663665405e-21 
0.0012697471247081515 6.17768330187271e-07 9.314821799206158e-13 3.6611786116048585e-14 6.0446721608883404e-27 -1.2838797139939994e-17 -3.0289739891841448e-27 
0.001984244162941541 1.3616558215065598e-06 6.005598692546639e-10 2.269730278609645e-10 5.63620225917778e-20 1.2613072805657595e-13 -6.201304124450595e-20 
0.0025930206603879107 3.6411726763299324e-06 4.812483520276669e-10 1.880432266869954e-10 3.4714021339426085e-20 1.9729836533675438e-13 4.466408444069585e-20 
0.002571547695977341 3.301937929473496e-06 2.693557451193014e-10 2.515131391757814e-10 6.38839789949199e-20 4.3005359508240553e-13 -1.4296996224533015e-20 
0.0037150816522035723 5.4722656909188045e-06 7.130197454193118e-10 4.0568379529969983e-10 1.9003905702739167e-19 9.383765890608015e-13 1.0719826856614945e-19 
0.002874705247621536 3.449715715779232e-06 1.4177231128043857e-10 1.4310724814561028e-10 1.623004144723848e-21 1.5854945181383197e-13 -2.0319225188896005e-20 
0.001533192173998176 1.1761663655528596e-06 2.1199149609221605e-10 1.0306578097014124e-10 1.3075962628458998e-20 7.816657172599402e-14 -7.817425670590297e-21 
0.0025859944969460714 2.287590339550225e-06 1.5811963774563377e-10 7.213989805085915e-11 -5.910389848495283e-21 -1.0250212966255579e-13 -4.9426530614487616e-21 
0.001997635807605614 1.528715336107801e-06 1.0903195681890372e-10 5.246157794848248e-11 1.8046971480507056e-21 5.274814065188135e-14 3.533513650400158e-21 
0.0021960706811450935 1.3039584167076802e-06 1.904753889462413e-10 3.9546453479198656e-11 -3.42546644277916e-21 -3.4329065980603344e-14 -2.159148156365681e-22 
0.0017995038329712328 1.4803449546706297e-06 3.159990324089729e-11 8.482334556033877e-12 1.385222674549955e-22 4.352279249733404e-15 9.855340248947457e-24 
0.0030989566908419587 5.013755447434496e-06 1.667632810097513e-09 5.29550618054835e-10 4.2312347193082457e-19 4.651771369343413e-13 -2.6193073486336386e-19 
0.0018783195933516608 1.206104244046624e-06 2.010566562362542e-10 1.025468169912875e-10 1.4693766039775614e-20 -5.0583987048722674e-15 -9.518850339994564e-22 
0.00239221881827548 3.546618730270121e-06 7.262097089308377e-11 2.129177913395358e-11 3.767151955370798e-22 1.8991674394721007e-14 -7.47698604249225e-22 
0.002592575075693839 2.9007337891256164e-06 5.526718078710649e-10 6.133696328854617e-11 1.1286138485540051e-20 1.0287282717757221e-13 3.9933609325214653e-22 
0.0022734740257902004 2.1114040757458594e-06 1.5994117506134897e-10 3.090163889254113e-10 3.718445563763883e-20 2.441723264715278e-13 -5.776601277837603e-20 
0.002054175943116963 1.4119052676108068e-06 2.093198423306143e-10 2.345409550012534e-10 5.1597818048700575e-20 2.051293824803618e-13 6.189002040135393e-21 
0.0017787495393863971 9.914982159687668e-07 5.930893862817196e-11 6.03852564431697e-11 5.386366150414375e-22 5.290671226664216e-14 3.5733681675478815e-21 
0.0018347474261981658 1.9097278272367067e-06 1.474762811475633e-11 1.6025441556777552e-11 1.3804259174919978e-22 2.2086745182528516e-14 -2.0405671189686042e-22 
0.002128412829711026 1.6791510325439296e-06 9.88548926138039e-12 3.422980264613779e-11 -3.921543741915916e-22 2.3610404648506574e-14 4.92631587618532e-22 
0.0036714825161923725 4.037335050493149e-06 1.2235137729978852e-09 4.519263899734443e-10 3.2246703819727254e-19 6.937070747639152e-13 9.458169064796511e-20 
0.0028587892875408397 1.6775917947159054e-06 1.075065875624518e-11 1.187961969428252e-10 4.010416984248576e-21 9.365485993881011e-14 1.3929118110812426e-21 
0.001683349183844359 9.583952277311482e-07 1.2341432604338975e-10 1.7616791337706015e-10 1.6733399029390287e-20 1.0979172593830258e-13 1.9868271054807688e-20 
0.0020928684358954373 1.8197965152147018e-06 1.4217178928723444e-10 6.399431679471164e-11 5.813726481492826e-21 8.237929592864622e-14 -1.860144674969538e-21 
0.0015862160704491624 1.3939125969086578e-06 1.0451176571782112e-10 3.75108262896618e-11 2.01060652260755e-21 3.4324101155237097e-14 -1.2139187960562957e-21 
0.0015772392059808724 7.685691456273046e-07 9.649808124093193e-11 1.390147839924066e-10 1.3791760652263202e-20 1.155368581772044e-13 -8.308256070034035e-21 
0.002395527134876534 2.3780818208393815e-06 5.2029401520367455e-11 8.259980766396501e-11 -4.011068233256697e-21 9.441211514610484e-14 -3.637693647358789e-21 
0.0016598639129062041 1.4047103024126551e-06 1.547331863223315e-11 5.572316754328841e-12 3.299261548051038e-23 6.496095611786127e-15 -3.98591170426201e-23 
0.002815562827556942 1.6559760594363496e-06 4.218544244889161e-11 1.7313612792036013e-11 -3.2663493658532494e-22 4.942958687620003e-15 3.350371902621333e-22 
0.0029786649141852308 5.38910953519151e-06 8.793769496829845e-10 7.518901895932999e-10 6.054839967857706e-19 1.7441713615828784e-12 8.47838404214258e-20 
0.001736318013061368 6.291152710563335e-07 2.1510342360358147e-11 1.813418412956215e-12 -7.06124038738353e-24 -1.3610851836781713e-15 8.855150815881232e-24 
0.002038136308997916 2.649756777988255e-06 6.11133244831824e-10 4.50834291336334e-10 2.337887190810217e-19 7.09378038481958e-13 3.6642437866618264e-20 
0.002166749866397897 1.4765146012014754e-06 1.4048115222635413e-09 5.014293138039278e-10 3.9587213959556435e-19 3.955960430659563e-13 1.4281784120583432e-19 
0.0018104444554097536 1.2405436470165454e-06 4.0703650549429815e-11 1.8869906958658472e-10 1.4298197100594318e-20 1.354082378358973e-13 -8.309771761642297e-21 
0.0018374327252852515 1.0461180521879237e-06 7.627509865789978e-11 9.159801378024073e-11 7.40876367912728e-21 1.8647062680576948e-14 -1.931207878735298e-21 
0.002838928376173182 1.3086031144740466e-06 4.212950178880359e-10 5.051854945515949e-10 2.318506458133354e-19 5.69660416706372e-13 -2.3720746322567347e-20 
0.002222162816444457 2.0398243958497185e-06 2.0810901442735408e-11 6.632395995028931e-11 2.44858598513685e-21 -8.036881857934041e-16 -2.7570615846415957e-22 
0.0014950855533969163 8.434107258345219e-07 1.3525111930607599e-10 6.910228519122688e-11 5.1572644541803795e-21 5.205620697095808e-14 -4.246377284868833e-21 
0.0013544067594026324 6.719531774288703e-07 2.223939791718814e-11 7.78609123696288e-12 6.848596432152185e-23 -4.471364396478396e-15 -7.620411091017208e-23 
0.003159767667956049 4.154015445910519e-06 1.0231717483872754e-09 4.496582312706544e-10 1.765641167231871e-19 8.338723616123814e-13 2.486953237049411e-19 
0.0019939476100633434 2.268913116163208e-06 1.0766298975555782e-10 9.041777758196033e-11 7.199078302830561e-21 1.2968140762612174e-13 -5.268554524850244e-21 
0.0017431154325965547 1.5673318238915974e-06 5.5453028096338026e-11 1.5754874758244188e-10 1.2815391565371915e-20 1.844548711000633e-13 -7.254039182324472e-21 
0.002028007714738127 1.2378459938442453e-06 6.39557978681351e-11 4.357645089320736e-11 1.3645970586873096e-21 4.3061579785382655e-14 -1.852043632451802e-21 
0.0027968667181190055 3.2157484831492936e-06 2.840292395277983e-10 1.8885314309101182e-10 1.3026159375529481e-20 8.382232351992288e-14 4.17541674323752e-20 
0.0022402619738093915 1.3064764455114727e-06 5.551291832761085e-10 1.3878789110433606e-10 -1.508379062102817e-20 -7.125519521995076e-14 3.5447568803179347e-20 
0.0018199671452519338 1.2567147127928124e-06 7.630986889745849e-11 1.8466089288521233e-10 2.0275796830643593e-20 1.2995707007031592e-13 8.330993954096492e-21 
0.0011605497418559615 5.710502033321778e-07 7.565737353887743e-12 1.0732161546711898e-12 1.5144322781877138e-24 -3.4909482152562607e-16 -2.6568167109449636e-24 
0.0022348878456123844 2.32515434574661e-06 1.0780615120374213e-09 1.6834748713590825e-10 -5.874904274648034e-20 -1.691943251398945e-13 4.1135213412134804e-20 
0.0021456299590733568 2.705541546942079e-06 1.2415400056688508e-09 8.694529942964187e-10 8.979260214159855e-19 1.4301181831991896e-12 -9.871954478236379e-20 
0.001930361583916777 1.592338530888289e-06 1.6100607977446094e-10 1.898308489131601e-10 3.318725297285547e-20 2.362017320184083e-13 9.266548742848693e-24 
0.001694579248280009 1.4454336382643694e-06 4.6511876342196774e-11 1.0116827639330762e-12 -6.266605943351587e-24 1.171632381683787e-15 -2.981745641071663e-24 
0.002651675769030268 2.5711513010608546e-06 5.558837201273001e-10 1.3317204698611307e-09 9.822169983899773e-19 2.0410915950694347e-12 -5.900204842744383e-19 
0.002080097588940505 2.1254087224968823e-06 1.8218701652385085e-10 3.732404978954229e-11 1.7635895835941076e-22 5.747516160937482e-15 3.072753473614022e-21 
0.0020333397721616726 1.544261414777302e-06 3.801961661221782e-10 5.594296650502071e-11 -5.749131507988699e-22 1.2188062586291415e-14 8.138440280081312e-21 
0.001962443355987062 1.926878057229568e-06 9.017590584548772e-11 2.2638251316951562e-11 -9.108304756024941e-22 -3.1419775060685154e-14 -4.6540145382996975e-22 
0.001945709543042931 1.1486450291312137e-06 2.2187551838970815e-10 4.0873390609502595e-11 -1.9521809159671778e-21 5.396546595017065e-15 3.367438750106832e-21 
0.0029064593161486135 4.14288957284578e-06 1.5492348596221455e-10 7.936474448574436e-11 8.66506704453804e-21 1.5448698620714935e-13 -1.5371452983005382e-21 
0.0020247983379167397 1.3525527895798145e-06 2.91271440570992e-10 3.910561717475517e-10 9.052340905565454e-20 4.510295704235357e-13 -9.604267943547029e-20 
0.0024211792001006386 1.5206245179923885e-06 5.040873894198004e-10 5.526971067029974e-10 1.2056842099866344e-19 -7.60566962693942e-14 2.656514109695321e-19 
0.001682377065590201 5.962626852003772e-07 8.568504642071618e-11 4.847702692218884e-11 1.3906504305717635e-21 1.8286433382169833e-14 2.79776887017907e-21 
0.0016149438285380827 7.521775315452925e-07 1.548898657770054e-11 3.7258576172858015e-11 8.942954371297941e-22 3.207051340647567e-14 3.69243157631871e-23 
0.0013651751595311315 9.054137223163256e-07 6.6092792323065415e-12 3.5578483126804086e-12 2.0438424456088385e-25 1.6903344843229712e-15 1.7251533910951362e-23 
0.002783615661771897 3.4515893986450452e-06 5.274299671316429e-10 7.930795846453733e-10 3.496327387034177e-19 1.0212403616602562e-12 3.7530450792671455e-19 
0.0017230869819544025 1.0712639494918064e-06 1.4364090980502397e-10 3.060439157039025e-11 -2.0202152251365342e-21 -2.859143992759822e-14 -1.9023806767820228e-22 
0.0011171103775782115 1.706405684205281e-07 1.9236581961393854e-12 1.7654120078653757e-12 -2.383864098321596e-24 -4.2021836269879546e-17 -2.2139533245593297e-24 
0.0032972004759309094 6.370561930388268e-06 2.0334951978585582e-10 1.844600207275096e-11 -8.033503090425594e-22 -4.3292302070508583e-14 -7.943046516482737e-22 
0.001991889737136453 1.371456158640302e-06 2.344900294356426e-09 5.455091175028985e-10 -5.0345538346003755e-21 -3.646817929668159e-13 -6.169511120140792e-19 
0.0017845040332466469 1.1752276339774122e-06 2.1664059299420502e-10 7.292347320431833e-11 -8.62947305557111e-21 -4.8942484318163776e-14 -3.089385158812119e-21 
0.002418564389680116 2.5463597669112976e-06 1.2168741893575036e-09 5.309055852047444e-10 1.8521338484712431e-19 4.922528916671768e-13 3.8443570292724963e-19 
0.002925441227253472 4.5590640727328015e-06 5.458014240858323e-10 6.771229400889477e-10 2.7454811865384394e-19 1.2474994297328041e-12 3.067110080841845e-19 
0.0028947350911050695 4.673608704756245e-06 1.50808132138784e-09 2.4164499142418335e-09 4.598942341449494e-18 5.162151480205645e-12 -3.592622867048906e-19 
0.0016074378764661791 8.191111014837884e-07 4.279741687701125e-12 1.4330070592683068e-11 1.5443165897641656e-23 7.089123613497645e-15 1.1115518655820648e-22 
0.001704594465842269 5.126178312953882e-07 2.302685568626183e-10 3.505310104240725e-10 4.551326886464903e-20 1.3454903895295465e-13 -8.857940509489207e-20 
0.002040105161114022 1.8655001840791815e-06 1.4699939917965544e-10 3.366190809010878e-11 9.198296630422158e-22 3.598867978611788e-14 2.181955268979751e-21 
0.001339365816044142 1.3046226975955503e-07 2.6552859005063454e-11 3.051493287395227e-11 -4.343123380906032e-22 -2.743870669543214e-15 -7.52232814853805e-22 
0.0019576168907940714 1.1562820477064323e-06 3.8867135975141384e-10 1.9235720481672914e-10 2.7935643821282435e-20 1.9021239094922796e-13 -4.4564052912375255e-20 
0.0015020342732988716 6.899186703947126e-07 2.4353033151643588e-11 1.6205455247040125e-11 1.7260436755880466e-22 -8.876282781698524e-15 -2.717535036456671e-22 
0.0016279068475138886 8.027436670807325e-07 1.826159277642887e-10 7.802844644013702e-11 -1.5545822124012546e-22 -4.8111623920468363e-14 9.312971388054773e-21 
0.0025968578824978644 4.508604526610379e-06 4.1895502681694744e-10 4.061268422238908e-10 1.675232324918058e-19 8.62347509375221e-13 -3.937937959269696e-22 
0.0025307234980838844 2.969331740245676e-06 1.251449076916739e-10 5.507924536419979e-11 1.454186998292944e-21 9.362221023144975e-14 -4.33548752687591e-21 
0.0014443887613755477 6.975131522338698e-07 8.849544781744647e-11 5.569076702743873e-11 3.8014760634484125e-21 3.0090516208186574e-14 9.132134266462565e-22 
0.0016335575195340695 8.467618734917878e-07 2.763567787535444e-11 1.869804196207445e-11 1.2202358347518704e-23 -1.4742686477861033e-14 -4.248642713823933e-22 
0.0013293811232325458 5.205799400501713e-07 3.102863432881517e-11 5.336760293343171e-12 6.019579076625986e-23 3.1331252907581815e-15 -3.305609141216543e-23 
0.001818727409533154 1.6780273071407217e-06 5.7709482053171647e-11 1.8820434382086336e-11 -5.446525049272526e-22 2.387988691992576e-14 2.9675912525240896e-22 
0.002306983802408758 2.2630903539699044e-06 1.239994572744842e-10 6.636235305527395e-11 5.978197162310304e-21 -2.2128395016414032e-14 7.077443958053809e-22 
0.0020167039795074915 2.0043758810743156e-06 5.487209444899613e-10 4.718957512756928e-10 2.3269468799691565e-19 6.649198168058746e-13 5.928901341045249e-20 
0.0018649426870816685 1.1558018460888124e-06 8.025660830109881e-12 4.492400433663604e-11 8.263763757093754e-22 -4.725964406610858e-14 2.1152174001066803e-22 
0.002593582040158549 2.572681755149635e-06 6.658650950639841e-10 2.718498578855575e-10 9.839782282946043e-20 3.9090007970132496e-13 -6.078919295926502e-20 
0.0026338341993483597 3.592244517980412e-06 6.948646820718763e-11 2.0532317943649975e-11 -6.713523646724116e-22 8.713869434266236e-15 -3.882734772349188e-22 
0.001985798312540082 1.7686663686026092e-06 3.432594752600765e-10 1.3743000318112367e-10 9.152448397609531e-21 1.0280511624867433e-13 2.841146153322497e-20 
0.0026373405698521253 2.0215739657391376e-06 4.4453226539661116e-10 5.411741590840358e-10 -7.902464153551515e-20 -4.997348741114289e-13 -2.533979705316343e-19 
0.003010173195240774 3.576371740278113e-06 1.640946534514941e-09 3.4141474265510846e-10 2.1045183334233628e-19 5.641324660272246e-13 1.449629098546797e-19 
0.0018406444846920276 9.180796710690176e-07 4.0882573141945516e-11 5.533968606896791e-11 4.725071779278904e-22 4.672322926179368e-14 -2.5894751859471552e-21 
0.0024740669532806623 2.539843387188396e-06 4.8509102257143654e-11 6.187003625552994e-11 -1.5806664701186528e-21 6.209139712585634e-14 -2.9983362888151966e-21 
0.0012668846451174408 2.2558880592586964e-07 5.133207886144937e-13 1.8066736891125104e-11 -4.74760293410245e-23 8.374102555202664e-15 -2.780531085776671e-23 
0.0019129351363835396 1.7980433522883615e-07 6.499352791877621e-11 6.903606350033305e-11 -4.036288178263047e-21 -2.795514108633991e-14 -2.2567303661038594e-21 
0.0018071145512312805 1.0552143127522477e-06 7.065823879482316e-10 8.10905302495735e-10 6.106866315200759e-19 8.286925602572131e-13 -6.188021232123425e-20 
0.003252679478138779 4.410717098443222e-06 1.7321081413604467e-10 1.9287673943256676e-10 2.2915069986876626e-20 4.0141362331698046e-13 2.6790627114807828e-20 
0.0028348331047327886 4.342738314849886e-06 1.1841451830121337e-10 4.3433528962188187e-10 6.279826464229152e-20 8.309177421504626e-13 -7.588677864644272e-20 
0.0023594102745288447 3.299716718110519e-06 1.338521252517383e-10 2.6442740508169213e-11 -1.9369742573920746e-22 -2.5740328196621268e-14 -1.5611877701163736e-21 
0.002988244333678006 3.2993667884288756e-06 3.841344471676459e-11 1.4210639808225685e-10 6.4207465812693466e-21 1.3987450621166135e-13 -8.307237314838864e-21 
0.0020692648819210756 1.7990631112286849e-06 6.578455030814988e-10 1.5710326211289711e-10 4.019143657781994e-20 1.4633511241569292e-13 -3.0585400043209137e-20 
0.0017936754832040078 9.384700089188533e-07 5.982665755766444e-11 1.2402318210861826e-11 -8.768784687918052e-23 -1.1372433734406838e-14 -3.2625414925427485e-22 
0.0033412541352392457 6.253864901407169e-06 7.265266186468675e-10 6.41775574097604e-12 -8.681338378912814e-23 1.51159159270263e-14 4.295434627558597e-22 
0.001991767398591032 2.8986742338195623e-07 3.022817494771892e-10 8.000177194314679e-11 5.467251857755975e-21 9.124307926479805e-15 -1.1175316420781934e-20 
0.0024054339378152792 3.027344129479488e-06 1.9925338617098122e-10 4.806402140425838e-11 -3.832671714296022e-21 -4.61570337590486e-14 2.726673517294675e-21 
0.0015796403148017383 1.180999919025932e-06 7.529261631168214e-11 2.2404170176927963e-10 2.852889936229526e-20 2.282688152520897e-13 -5.728897022759628e-21 
0.0020045650186219315 1.9341851002663328e-06 2.8359902704932377e-10 1.8242382125508524e-10 4.070313971171398e-20 2.1754605947213507e-13 -8.05743876014885e-21 
0.0014824960153364743 4.6116093462873957e-07 8.869568980268874e-11 1.7400619114645157e-11 2.3599489066694893e-22 5.200646914112276e-15 -6.415662959736513e-22 
0.002162892842309742 1.4160638049828156e-06 1.454138638171327e-10 1.1239380886251031e-10 6.309899496763297e-21 3.605078083002707e-14 -1.2909057672463523e-20 
0.0032853830473438908 5.58884354978592e-06 1.907462470427912e-09 2.2368982597400685e-09 4.620553285445213e-18 4.485843755726732e-12 1.819020618397997e-20 
0.0017254267188469717 1.3974736752315569e-06 1.435910261328479e-10 6.41188744636374e-11 5.631588806625243e-21 5.2611161178417354e-14 -2.477270863616761e-21 
0.0022761636660783495 1.8585718083862228e-06 9.654940120448558e-11 3.8531999028380126e-11 2.2068073633183778e-21 -2.6691297564986268e-14 -8.08393055216783e-22 
0.0024792350831545156 3.2876311066678724e-06 1.0833115749495194e-09 1.4708710986192222e-09 1.662743185450108e-18 2.3830260733374744e-12 -8.261781868963221e-19 
0.004784874586596997 1.3215365753591154e-05 3.632183969919318e-09 6.3756601754053896e-09 2.6919009997272813e-17 2.314725067463379e-11 1.4720732991210188e-17 
0.0018965285949628942 9.961069569243896e-07 1.8441906950060047e-10 8.254183421652075e-11 7.220757973767327e-21 5.916457957051342e-14 7.181396414683704e-21 
0.002831817964204281 2.7061278743039352e-06 5.336241815872416e-10 2.1070939666513012e-10 2.7729529618295904e-20 2.5644036997371827e-13 6.49862941790533e-20 
0.0019478523065296694 8.79666544605662e-07 9.009269928309469e-11 1.4269765115359354e-10 1.6076273649579583e-20 1.3371466797850437e-13 1.8263628288066223e-21 
0.0020074712292207563 8.677211658473685e-07 3.5196726463141436e-10 1.0713998942525694e-11 -1.7202781672668783e-22 -5.422368092385675e-15 6.350401672473165e-22 
0.0017563140144347534 9.166753304955208e-07 1.9842365507135022e-11 2.0078819519169493e-10 8.532970971989977e-21 1.1431216321330879e-13 9.370778797734854e-21 
0.0025350738470908013 1.9372347910064586e-06 2.7965187120231986e-10 7.881628826500434e-11 1.1168548757680973e-20 4.5694292745335514e-14 3.490434413155006e-21 
0.0016288264068815993 8.553864793234562e-07 5.868738115145433e-11 2.1051813426702315e-11 4.590820470600615e-22 1.2685160861224949e-15 5.803278520474858e-22 
0.0033936356159691918 4.004013934615538e-06 1.007369742367475e-09 2.7854182264797036e-10 -1.1115326600725147e-19 -4.300039519313778e-13 -9.703111506981131e-20 
0.002654729308330183 4.231547126366862e-06 3.7737537125150446e-11 3.718476058050288e-11 1.1592912750633313e-21 6.867237792072916e-14 7.722319104775006e-22 
0.0020051916820613912 1.5749701017818927e-06 3.413413084929863e-11 8.983493676392304e-11 4.7021370526851626e-21 5.1703189137075825e-14 -1.623892307949553e-21 
0.001358407361826422 2.287663154212328e-07 1.985755495500537e-11 1.8979148864768848e-11 2.742385995906247e-23 -8.23095005234342e-15 3.6742750896245606e-22 
0.002003977803811681 2.2640493265631217e-06 1.8135168319950854e-10 4.349859285119095e-11 2.6280359368986664e-21 4.122715941380313e-14 2.8318822271453105e-21 
0.0018475094495008571 1.9151287774831584e-06 6.443982754309765e-11 7.456763339093903e-11 4.893227565471712e-21 1.0292094764599464e-13 -1.6656579708410827e-21 
0.002662859739424551 3.247111554275839e-06 4.060259431938127e-10 2.0317282917305594e-10 5.664841279957668e-20 3.621869434758112e-13 -1.4007869092197e-20 
0.001589177502147907 2.916514557608564e-07 8.715732821426542e-11 4.0528561477847006e-11 -5.667471872887803e-22 1.635489646762874e-15 -2.3411381643055392e-21 
0.0018265516368204835 1.51427822954345e-06 4.351806302001992e-12 4.6973938462322404e-11 5.236533201242456e-22 4.338290503589891e-14 4.205396569418615e-22 
0.0014053210915763482 4.5294276776301883e-07 1.6729633194231948e-11 1.003126474843709e-11 -1.2112511693938845e-22 2.9195169543584868e-15 4.707169715033432e-23 
0.002741755563412831 3.976846711944924e-06 6.459056566448488e-11 5.738321497413038e-11 -3.456716938849827e-21 -1.0044036893150749e-13 -5.056804419319333e-22 
0.0017194032754267894 1.0043871788009354e-06 2.877459060751174e-11 4.5622000274047565e-11 -1.4997401511258559e-21 -4.207899727909803e-14 6.9505611751495145e-22 
0.0023768168415416054 1.4668219741942854e-06 2.698039545850058e-10 8.769777345075337e-11 6.761296013096046e-21 -3.472498760426803e-14 -1.167308157781237e-20 
0.001966473352014719 1.050139165321074e-06 2.5117436665905054e-10 1.4289392804548579e-10 4.8666667787192046e-21 6.985787528681722e-14 2.6630211543535804e-20 
0.0016676480882730981 1.011584466754434e-06 4.0932849353389514e-11 1.88720532158965e-10 1.631568387510483e-20 1.4632496037631292e-13 -2.987150205756829e-21 
0.0019485628455287946 1.7045536799287745e-06 4.454706889104796e-11 1.82081148484835e-11 -5.029868391523071e-22 -2.325484301496782e-14 1.261691578032091e-22 
0.001414299927942032 3.021030760088428e-07 1.3844278712837187e-10 7.915015455598838e-11 7.553739359455245e-21 4.2505456265170454e-14 -3.404212906671316e-21 
0.001940473825053838 7.608241334281452e-07 1.690899786875627e-11 5.478467230300386e-11 -8.164004198785507e-22 -3.4000032593433e-15 -1.4538955303599931e-21 
0.0012367988864685174 4.93795531329935e-07 8.891728743925552e-11 7.100371082947929e-11 4.776435533385403e-21 4.879604650906981e-14 -3.00252045104754e-21 
0.002155068240111269 1.9493786971364325e-06 4.189183709276597e-10 9.858634788150571e-11 1.7291085488375487e-20 1.060865316709967e-13 -1.0120304160687603e-20 
0.0013197631146568288 3.0921017371513106e-07 5.155967665467587e-11 2.5033477814388733e-11 -8.349434965378223e-23 -4.991460941675209e-15 -8.954827885652178e-22 
0.0023726390844278134 3.2275262576682017e-06 7.046358820369283e-10 4.804870272353347e-10 2.6285012135967193e-19 6.208556925614335e-13 -9.525938155809352e-20 
0.0034585562437689206 5.024861644837598e-06 9.000880473144954e-10 3.187727850392354e-10 -1.0752591149345039e-19 -6.833962149811965e-13 1.326432418265303e-19 
0.002075176000825762 5.376602042877983e-07 3.630311386570194e-10 3.774931785467668e-10 9.402543452334996e-20 1.8738365967141644e-13 1.033819220954289e-19 
0.0016009508744248301 9.314477484403633e-07 1.512238726109787e-11 6.957286417074747e-12 -2.432964590220094e-23 -1.0603858893142549e-16 6.708705885580896e-23 
0.0024657832266745208 4.122961429859273e-06 2.985733057564828e-10 2.1415191792172844e-10 5.3314572868978524e-20 4.3116871290921917e-13 9.482277292856907e-21 
0.002031404387754779 9.193512986795946e-07 7.727522274106835e-10 1.458240080390994e-10 -4.1823209540821887e-20 -1.3631681914605427e-13 2.5437036722948772e-20 
0.002214216473490591 1.4978418173733728e-06 6.834400956583123e-12 7.638098062939927e-11 2.2194850662703464e-22 6.153179770680328e-14 1.7309597361713295e-21 
0.004210608043893868 1.1868071844458334e-05 5.3983147671858535e-11 1.4624920772751256e-10 -1.2974835741027876e-20 4.501470826162269e-13 -7.199288821746298e-22 
0.002088988685456442 1.1527446430635574e-06 1.506462610521867e-10 2.445888330744727e-10 1.5601073318598712e-20 5.5666468772552326e-14 4.42819826031919e-20 
0.001968267898785275 1.5722838243475532e-06 2.3511923496107085e-11 5.1530747494358277e-11 7.999834921453035e-22 5.683627836829224e-14 -1.6053959778097092e-21 
0.00219471324203245 1.9440679402197783e-06 1.825777406070036e-11 7.162903638997111e-11 2.333372112754587e-21 4.6359043218578936e-14 -1.124838114341111e-21 
0.0018451024450372674 1.6647210741699442e-06 2.757573642287636e-10 1.646940628592389e-10 3.014393794047158e-20 1.525283058041096e-13 1.7977815757683183e-20 
0.00263799991582138 3.2984773655587442e-06 5.561682267475212e-10 5.462899821608513e-11 -8.004682932148784e-21 -5.01421312887899e-14 5.157287321196669e-21 
0.0018739382520858593 1.1385612500896485e-06 6.438255994571916e-11 1.5766889705846624e-11 -2.163014514422791e-22 -1.6597715181350263e-14 -4.53393247943856e-22 
0.002582568807956658 3.2200512894722553e-06 9.711775593602616e-12 7.295756700903003e-11 3.42163853578306e-22 5.294540382424939e-14 1.9116446569768362e-21 
0.002189937450777263 2.5147267267445746e-06 1.722578675399522e-11 1.0553664754018267e-11 -1.2833761940696953e-23 -9.591634269322789e-15 1.4171666240849653e-22 
0.0015713488647493491 1.0611229522727687e-06 1.76135838837769e-10 8.833664167697269e-11 8.843357583312553e-21 6.590454671759477e-14 6.573391749637852e-21 
0.0017301949234903018 1.0786283802660903e-06 2.098441520588817e-11 3.4099617116922874e-11 6.891980642903081e-22 -1.6189644616451495e-14 -5.975351671372018e-22 
0.0014854033840671903 1.093052019402613e-06 2.1081199177892412e-10 1.3355679875991137e-10 2.0759096410450585e-20 1.0586375584972651e-13 -8.44269617706943e-21 
0.0014958805506411744 2.6005996918672265e-07 1.0893710494565981e-10 5.8836767694314e-11 9.231476417684062e-23 -2.3742927314531154e-14 -4.709531500048074e-21 
0.002793704613080852 1.5197546510399007e-06 1.0078292795550745e-10 1.0785361576220678e-10 -8.769315854564042e-21 -4.725052172667544e-14 -7.038538518938915e-21 
0.0021298389513588942 9.031219106302985e-07 1.1795379350142112e-10 1.2977788681367613e-11 4.778659853660986e-22 -4.894022517686213e-15 -1.7164660941434332e-22 
0.0019096198183260983 1.0287305810448308e-06 1.135338562603143e-10 2.210992461619834e-10 2.5122670836674776e-20 1.0533489030720653e-13 2.4412533801695757e-20 
0.0018522186642432618 5.730991497020607e-07 4.0279761372778905e-12 2.3576903445262806e-10 5.986454709894018e-21 1.5002162755553748e-13 -4.117258270779871e-21 
0.0017350045924748722 1.012035946343529e-06 1.6573061178432917e-11 2.229204537290251e-11 -2.6719497807191463e-22 -2.1562911915026807e-14 -3.3496016060245952e-22 
0.0020210112712105307 1.4609958293834811e-06 8.35828078082359e-11 6.163202953550988e-12 -1.0220171021832263e-22 1.5056776037749778e-15 -9.551102792970396e-23 
0.00193489439385167 1.8989213565111468e-06 7.88846571411542e-11 1.905053030431827e-10 1.975947424553437e-20 2.6146109263892837e-13 1.2448350935426015e-20 
0.0040995565840287315 1.049578014472872e-05 1.3149022626541221e-09 1.3222120700292678e-09 1.6075993531378917e-18 4.247079342732839e-12 -6.746014130893443e-19 
0.002265282322894433 9.93782277725149e-07 6.895799256137645e-10 3.397553543745323e-10 -1.537220418377529e-19 -3.286752341997188e-13 -5.843217638160982e-20 
0.0028479026053546564 3.600032848680268e-06 7.175033851964275e-10 2.0867158378917317e-10 4.430304276421511e-20 3.1223890490024416e-13 -6.750358821473374e-20 
0.0015401842689134234 9.055421865360553e-07 1.5456997884117882e-10 6.638329912904677e-11 3.5922398405883175e-21 5.568202209293945e-14 -5.68443510316442e-21 
0.0023728348286796187 2.0144233451228456e-06 1.1510273352648123e-10 2.4639522774616015e-11 -9.32002300276657e-22 -3.275545075989694e-14 -9.236725393696502e-22 
0.0018848404273538112 1.0666727639193065e-06 1.1643391366091776e-10 1.3670719534845544e-11 -3.6651649316155e-22 -4.999430267577033e-15 -4.0390941186493553e-22 
0.0021664870716843693 1.5918844738186898e-06 2.4028543198946565e-10 2.5312013616408206e-10 5.586719448232886e-20 2.797887200564659e-13 -2.7850516972646306e-20 
0.002411010145977974 3.4087807793184087e-06 4.824541750419471e-10 7.0451116746363e-11 -1.1575662079645856e-20 -8.888601946193109e-14 5.891166818785558e-21 
0.002538882326396875 2.901915973826736e-06 1.699284480454181e-10 3.5596065470975484e-10 6.058817976095671e-20 5.243683526631507e-13 -6.319307846063976e-20 
0.0017965556873537174 5.631037262730935e-07 1.3290702118818259e-11 6.929907390335432e-11 -2.054040138060608e-21 -4.9607057728189085e-14 -4.517237387117325e-22 
0.0034572339606251095 7.826799224448816e-06 1.7099630279282395e-09 1.0451979201574918e-09 1.323432953093294e-18 2.9182672453688713e-12 4.48314681181534e-19 
0.003506458109211694 7.6292370130947746e-06 4.880442703333773e-10 1.2524233003414019e-10 -9.764066165068687e-22 -3.0519145310752986e-13 -3.094854847008661e-20 
0.0021519086990050137 1.824727598287027e-06 6.026909529307254e-11 3.629656010164758e-10 4.0603797132118966e-20 3.645407823639793e-13 3.5118547990913326e-20 
0.0025857376182758943 3.0844691612737434e-06 3.643352830224389e-10 1.0037718840799001e-10 1.5430133699270214e-20 6.553729908257897e-14 1.1418604042161139e-20 
0.0016292083260768656 7.832879148365602e-07 4.306557140865515e-11 6.780662562086893e-12 -9.38388239666366e-23 2.9454218603435404e-15 -6.797259840080953e-23 
0.002865541290850939 3.6120255049208744e-06 3.8404415221610716e-10 9.254211349619433e-11 8.203182185908408e-21 -3.10212999657898e-14 -1.5397275327525125e-20 
0.0019240566009285627 1.1104736649570155e-06 6.100678557336968e-11 7.094350000085465e-11 -4.3613921228922944e-21 6.016593364557649e-15 1.6616776569466246e-21 
0.002099662302390343 1.431025504560227e-06 1.2650285062042765e-10 1.953350879686208e-10 -2.30564266430465e-20 1.5476491520684606e-13 -2.027924852886927e-20 
0.001430576306433137 6.538740208533175e-07 2.509491584492742e-11 8.340276002622513e-12 -7.77613929450525e-23 5.141456692015802e-15 -9.226057543814348e-23 
0.0019844037399616475 1.5564056528832713e-06 3.848445246543016e-11 2.4188639154263406e-11 3.374648522067784e-22 3.017566143297204e-14 -6.56330801828119e-22 
0.0020024715058008682 2.805425901998872e-06 4.289218663284192e-11 9.453432405934486e-12 -6.034047850174183e-23 -6.487420209997276e-15 -1.8054243124137615e-22 
0.002581227531984459 3.3294811208339448e-06 1.2806647211303786e-10 1.4033441780041433e-11 1.3297044662284057e-22 -2.5605472308235287e-14 5.798771845865409e-22 
0.0025500637484152113 3.1882166477101373e-06 7.625051379157465e-11 4.93351223236028e-11 -3.023785287128411e-21 2.244249660502363e-14 1.1331808591186615e-22 
0.0013970442634494856 5.787837507971301e-07 3.474600142410331e-11 1.4551687087315184e-11 -6.4946995939138e-23 -7.838660542735359e-15 -3.2069648474256554e-22 
0.001733572840140635 8.363958208440185e-07 2.779245658405988e-10 5.3144125487722537e-11 -4.733130955352657e-21 -2.494939372604621e-14 4.3946009748909855e-21 
0.002925161234514246 4.9832353532514085e-06 1.3269189304348595e-10 3.858883612548259e-10 8.386426073292433e-20 5.657655788169905e-13 2.4322887675074213e-20 
0.0021097050339161216 1.4415698328745725e-06 6.723772276252732e-10 1.4796290785953374e-10 -3.137036759577136e-20 -1.0130960722861235e-13 3.455385237132333e-20 
0.0022718789242592947 1.8624164202766069e-06 5.112782896430366e-10 1.1957552000609303e-10 8.825711717852529e-21 1.0919765258833292e-13 -2.821795950682919e-20 
0.0031436673110710606 4.821533954527162e-06 4.176147362524315e-11 3.114072055502725e-10 -9.444872413364655e-21 3.5045995631288797e-13 3.4233463018719304e-20 
0.0012724290160842783 1.0307374365787606e-09 4.187272718322977e-12 1.2876762548858247e-11 2.044290699682344e-23 -3.360714022058042e-16 -9.231669100022971e-23 
0.0015831836766944194 7.674511855469549e-07 1.3252178430855907e-10 5.0033630759411724e-11 2.6509811686009632e-21 3.900077742028267e-14 -3.0936985037406765e-21 
0.0012430631490378905 2.1456843669195804e-08 7.419337906062646e-14 3.9462044008387914e-12 -2.1004227807536583e-24 5.18405440003688e-16 -3.841667603056249e-25 
0.002834826798599534 2.1024203134303894e-07 1.514899334395223e-10 4.1101311715753254e-10 4.639765151554697e-20 1.7094924077785876e-13 -9.146412151025611e-20 
0.001272024522107128 5.108688721909276e-07 1.333573931200459e-10 9.710701889783865e-11 1.0293294191007751e-20 6.189106876659488e-14 -4.020333366082404e-21 
0.0015118436996797947 1.7594298798327738e-07 3.3173001459974213e-12 2.482851632200076e-11 -2.242830366549163e-22 -5.2843268284259616e-15 -2.1693686111816514e-23 
0.0009452473008411565 8.453883861539639e-08 8.552444055553758e-13 2.4909602221278955e-12 -8.041189373104942e-25 9.847989721002185e-17 -3.545722738560915e-24 
0.003125629031681052 1.249091478439876e-06 3.3119958533826426e-10 1.5575927323536826e-09 8.89869282414323e-19 1.5301015872239582e-12 6.780060595856451e-19 
0.0016831096752707307 2.8438554963088107e-07 3.3068087901704515e-11 2.0182478577499983e-10 1.5209845411063512e-20 1.0265467943530542e-13 -6.364953637803762e-21 
0.0011110176536718148 2.3829623567731567e-07 3.205770946056074e-11 1.595446288574739e-11 -6.405647888220766e-23 -1.6920644696249662e-15 3.5508758766002813e-22 
0.0010172232257794648 9.350739067705725e-08 1.9590085851643246e-11 1.6427239199168516e-11 2.850915391535414e-22 4.165175356967397e-15 7.459803870051691e-23 
0.0011946760003105545 1.985926035409654e-07 2.7009126143470818e-11 7.868452759161563e-12 1.037198444834523e-22 -3.495579525293018e-15 4.898827193471244e-23 
0.001179194976800188 5.692423102412147e-07 3.727721165720187e-12 8.612830716967073e-12 3.9802142683901475e-23 6.4871104776484125e-15 2.8239282310077774e-23 
0.0010913830232932545 2.5013683383417635e-07 3.350350885939038e-11 1.4264346892096602e-11 3.107641627564717e-22 7.086522206517984e-15 2.580432664238218e-23 
0.0010062879988110907 9.260672627630738e-08 6.631821288103219e-12 7.031143319000877e-12 -3.7606897321112266e-23 -1.3896232637754284e-15 -2.984848708536149e-23 
0.001076364149590461 3.688009801718549e-08 7.638701321416505e-12 4.4257614650304896e-11 2.9854063666652525e-22 8.444117879596562e-15 7.5701049636254055e-22 
0.002445334177496451 2.8861802559023955e-06 4.4083953384835504e-11 2.2483763716314775e-11 -5.784084949044281e-22 -8.241040056464076e-15 -4.08045486364284e-22 
0.0020893479410076282 5.777838875216347e-08 1.1049226201623884e-09 1.4014020733348096e-10 -1.1841992820512153e-20 -4.249369997250797e-15 5.3859012197077903e-20 
0.002532173627136874 4.528363444828933e-07 1.6053176797179763e-09 8.60821632655193e-10 9.908106259227028e-19 3.78415227067192e-13 -2.056589373802104e-19 
0.0017703751392008963 7.649024169495871e-07 6.101949262372301e-12 1.5077471537552638e-10 1.963045844398066e-21 1.1123778499375985e-13 4.1305292192462e-21 
0.001550936476897471 1.26316914762628e-06 9.312814858930053e-11 9.298195362745318e-11 8.64597303182547e-21 8.522253075036283e-14 -3.3440966696743364e-22 
0.0014263572585448523 1.3949537795663473e-07 6.410537606718351e-11 1.0990902304651267e-10 1.9558132999467293e-21 2.0903315442515113e-16 9.015959142981738e-21 
0.002174755448255222 2.7383435609814754e-06 1.4780591206820378e-10 7.910703620477268e-11 8.053164663585683e-21 1.1954834298933852e-13 -2.883960520598334e-21 
0.003058334143613137 4.517765816324591e-06 3.7508560332871534e-10 9.32663439932877e-11 1.2882711241800946e-20 9.812503540414642e-14 -1.17617203002585e-20 
0.001477680569003324 3.4236460389551915e-07 2.3251239795183265e-11 1.0848546067105431e-10 -2.0111295414182595e-22 4.940674557642058e-14 -5.444829824991109e-21 
0.0012874128161282008 7.05172071839562e-07 1.9537700674268575e-11 6.108903013411191e-12 3.9121179701138204e-24 4.913579996337475e-15 -6.662452955221602e-23 
0.001747669052903608 1.677012993957915e-06 1.376297821562824e-10 1.096452432537787e-11 3.1354078404703945e-22 5.53768268503769e-15 2.882893957179794e-22 
0.0017578186327432948 2.2966350994105447e-06 1.344236161080197e-10 5.523673771253269e-11 4.7144630956101155e-21 6.92979100290796e-14 6.546806016737737e-22 
0.0028087349028624964 4.122668154560577e-06 8.25060205811616e-10 5.691022334843195e-10 3.7679412351065644e-19 1.152459330823908e-12 -1.0050237949673699e-19 
0.001774989224922955 1.7523263981177274e-06 5.932823001576649e-10 3.7321501674945205e-10 1.7515566420802845e-19 4.562205050519284e-13 1.2736664066177696e-20 
0.0011030882632052565 1.3828015623665736e-08 2.0392781587690056e-11 1.7991300640726146e-11 3.303695726683852e-22 9.99282682905369e-16 -9.805250726693356e-23 
0.0011801935841402027 2.979397569585895e-07 6.769113957824198e-11 3.6952852512909143e-11 1.5916794997828992e-21 1.8992621689856657e-14 -9.39268333632328e-22 
0.001350815369487902 6.44060094794006e-07 5.553423412536444e-12 5.198733385486374e-12 2.063744545297517e-23 5.37919274732393e-16 1.8825013717744947e-23 
0.001677931151987777 1.644280539032743e-06 2.7175012707259586e-11 4.127638494714224e-12 4.0848617105678333e-23 1.5138411337097657e-15 1.5570877344183043e-23 
0.001068799628840502 1.6787361294078126e-07 3.169032868090372e-11 9.413641733613509e-13 8.1652134149902335e-25 -2.9552615171359264e-16 -5.076370381566129e-24 
