0.0012230570798648607 2.845212078566515e-07 2.4161330856398318e-11 3.2679648359708634e-12 2.5886970867358918e-23 -1.6893108265582926e-15 1.3157058561963557e-23 
0.0018069251474507396 5.186352331526259e-07 3.337184717320894e-11 7.020250953661889e-11 1.9992879978009142e-21 -5.054642071753313e-14 -2.7475485594069538e-21 
0.0026389476553765404 1.5918802548393075e-06 1.5394624958696772e-09 9.564614783702304e-10 1.0880512180902474e-18 1.1413367687411195e-12 -4.0392679186491263e-19 
0.0016569346352598938 3.6847960194724283e-07 9.879375896515793e-11 3.2007162937004443e-11 -1.6601367000076517e-21 -1.1876058337211943e-14 -6.952657255842539e-22 
0.0025834065657278794 2.0251005072053602e-07 2.5640157823537417e-10 7.789595208234897e-11 1.0725623598677703e-20 3.157751158618264e-14 -2.4800406544158376e-21 
0.0017846066738166153 7.574091260217003e-07 1.6769792830348185e-11 1.1693203447480857e-11 1.5523837161064892e-22 9.564831558438502e-15 5.208633722662945e-23 
0.0019447083587350472 7.681102031288198e-07 7.088214290734222e-11 1.1417554738086413e-10 1.0211610156526489e-20 6.208091818801375e-14 1.1063062272158718e-21 
0.0018253647671250587 4.90343531935337e-07 6.092338073432573e-11 5.917503032111589e-11 3.5217495893049e-21 3.2928814336866626e-14 4.704804123013268e-22 
0.0024682546502515345 7.172233391194766e-07 5.7717626134086244e-11 1.079204953512716e-09 1.7829776519886302e-19 5.891631193595706e-13 2.0188372737617495e-19 
0.0031757922825950908 3.074855725024364e-06 3.286054779692452e-10 6.12768669378614e-10 2.7414281340609577e-19 1.7755287767160264e-13 2.1287182386229577e-20 
0.001953863467117409 5.046824980245312e-07 6.68167114962728e-12 2.1261711955323192e-11 -1.9098995571377322e-22 -5.276929007524202e-15 -1.6656602187880934e-22 
0.002151024769965979 1.719611221853296e-07 1.672618565114755e-10 8.57485226515545e-11 -3.2721614063456872e-21 -1.4125849741391197e-14 9.733977053674625e-21 
0.0012848353977369022 8.917279501884254e-08 1.144344631567724e-11 1.401562819204084e-11 7.742719693156716e-23 1.5145125074858092e-15 -1.5972201300588133e-22 
0.001744501970923878 1.8661092659822345e-07 2.524712407458173e-12 4.6439753026410755e-11 1.7044372013855218e-22 1.0583364802299295e-14 4.73085407617905e-22 
0.0014721184398289399 1.529107873196234e-07 1.1515868746220732e-11 2.6483357505524853e-14 -5.1752645756943605e-27 5.974567740274755e-18 1.3679149261122183e-26 
0.002149583256259185 4.468884618859186e-07 1.9825336105432796e-10 7.350959227283098e-11 8.064619694579427e-21 4.2852130705312177e-14 3.70300941642174e-21 
0.0033873936952313532 1.1860724656022315e-06 3.9418070919688035e-10 3.651186411852434e-10 5.628356815484641e-20 1.33443223153806e-13 1.2656512899785724e-19 
0.0037489340488044737 2.596066587795674e-06 1.8417038555617877e-10 9.368716709289555e-12 3.8420961559402542e-22 -8.349626086212199e-15 6.188519350478458e-23 
0.002149025168794088 7.318157930204746e-07 2.953349651346629e-11 6.847700451813837e-11 -1.8429103215050966e-21 1.5644828862830987e-14 2.4671350432960205e-21 
0.003085494252934107 2.7064302427628733e-06 3.9227008284636584e-10 4.878437893867166e-10 2.0445160278858834e-19 7.645394500512531e-13 -6.118137104843583e-20 
0.0018517688626056355 1.0470770683365905e-06 4.836278948144777e-11 1.4249460280780827e-10 8.78953572238561e-21 1.2156819525514567e-13 -7.916608715711789e-21 
0.001959395275579334 3.210883274849951e-07 7.957005124446625e-11 3.912800248119298e-10 6.031421393566563e-20 2.111744787967162e-13 -3.359820044620054e-20 
0.0015570588217357411 7.395625674925465e-08 6.349859026566429e-12 2.0441482779097875e-11 -2.117765812789491e-22 1.5219855657185136e-16 9.689365435788681e-23 
0.0023800379388782015 4.781962884155228e-08 1.1095291638706692e-09 3.5044732673531304e-11 3.683955848138134e-21 4.7986536925834454e-15 -5.84655144378373e-21 
0.0016482267501033133 2.44763777303485e-07 7.840512394183934e-11 1.3684140655955108e-11 3.615204905935643e-22 5.674829583302087e-15 -2.6497328957312126e-22 
0.0030722139746721822 1.5035727143869026e-06 4.6005355926640756e-11 6.789294455545033e-10 -2.010589778105652e-20 7.674577792961058e-13 1.1829241368841588e-19 
0.0015775331647061314 4.809272033035629e-07 4.986780830771133e-12 3.4848817548566563e-12 -1.3295402358093994e-23 -4.488527960275452e-16 -5.855068038516763e-24 
0.0016452358073582676 3.8170314590944314e-07 1.0013334338888573e-11 5.933675826310095e-12 -4.395956761137581e-23 -2.9038283451810743e-16 1.2629368420412354e-23 
0.002125684728524607 7.7697947215357e-08 9.835081142658695e-11 7.253994961745019e-11 -3.587619635374866e-21 -1.1716409372719447e-15 -4.966922482411741e-21 
0.0012022365199887313 3.744299901292337e-07 9.212562755660455e-13 1.792188277241693e-11 -7.208028594339525e-23 -1.79700520132916e-15 -1.0370688310415889e-23 
0.0016501334421365691 4.2725567568814863e-07 2.8367670375043975e-11 5.866501920498843e-11 1.7356289241504647e-21 3.833438939464183e-14 1.6477385898888001e-21 
0.0019742616819732536 1.203238120436695e-06 2.5751509178882335e-11 7.114267213382696e-12 -9.34047339251045e-23 6.076508204614091e-15 2.3408931065486823e-23 
0.0015818200100727073 5.590143224062226e-09 9.311561140427235e-12 2.8721113902420982e-11 -3.1650110793314488e-22 1.9394888813504365e-15 3.470412497914152e-22 
0.0017529564043320602 2.4217908295181648e-08 2.0869063923206167e-12 1.3398973344097183e-10 2.1198858934019295e-21 8.331644461977602e-16 7.254264710770539e-22 
0.002061782214761818 2.0737459701491666e-06 1.0298589375572348e-10 2.157619864373109e-11 1.53840924093317e-22 9.874618390249829e-15 1.0053687769481953e-21 
0.001804053838155475 3.722278879409817e-07 1.8607644547176693e-10 1.2419204772151158e-10 7.496308437949383e-21 3.1093768359683036e-14 1.7327265817028386e-20 
0.0027533747573247657 6.117860696295768e-07 1.817659213117555e-10 4.5078990984748715e-11 3.2045877500132667e-21 -1.195248109134933e-14 2.526146113287653e-21 
0.0030363016214816603 1.1270574349876512e-06 5.753832790453102e-10 6.217225654838223e-11 -4.911143023123619e-21 6.215394010095621e-14 1.0684417446055905e-20 
0.003438743317590918 4.214691376867262e-06 8.71795433803438e-09 8.817002859392964e-09 7.67278274284977e-17 1.805376278594961e-11 -9.401366142926655e-18 
0.0017533483405303319 8.097644797643128e-07 3.4002391866824354e-12 3.938655400113653e-11 -3.815238857090752e-22 1.1269148236071571e-14 -2.4939016092782066e-22 
0.001624486887131826 5.522523836277735e-07 1.4656603277828557e-12 1.1173606757975835e-11 8.249955687261703e-25 -1.3143683616066058e-15 -4.520999345546525e-23 
0.0015281615162088215 1.9289298117776478e-07 5.170316463137684e-12 8.359008631308637e-11 -1.7095082556415665e-21 2.9421673898131726e-14 -3.1209651673490445e-22 
0.0014580056826894387 1.7343010927269404e-07 1.4529739284996967e-11 3.231088949541258e-11 6.6679553850830645e-22 6.802658853279712e-15 2.133216432582126e-22 
0.0015355303711709527 3.426527707789294e-07 6.543961019725074e-12 1.7488315742314298e-11 -1.4112997302899058e-22 -3.917858034808761e-15 -1.2281559286845367e-22 
0.0018618194432247232 5.943893115651383e-07 1.3528614861643785e-10 4.524006829410573e-11 -2.870516317038213e-21 1.1982285880286133e-14 -2.070372950718896e-21 
0.002090153016885281 1.276970528212422e-06 6.39769227092474e-11 2.804160610823843e-11 -1.1339686455626663e-21 7.186471782893272e-15 3.5327956584352644e-22 
0.004305666238430299 8.154320987012617e-06 1.868529435353778e-09 1.3046312709378797e-09 2.0268188120343036e-18 3.1204086206469847e-12 2.029661237369493e-19 
0.0018039362112276646 5.795572677051081e-08 1.2373914342631354e-10 3.336922943397832e-10 2.918628384873093e-20 6.650250861185961e-14 -6.120387132758678e-20 
0.0012692288617347925 1.0268856327107965e-07 4.6309928939415105e-11 4.414233192629166e-11 1.3620637277083715e-21 1.0227739531881273e-14 1.458785146189566e-21 
0.0020528922434403037 1.1183615371009857e-06 2.2462949359377887e-10 2.2811204646435806e-10 3.953639195615842e-20 2.2319343031075115e-13 -3.321428329226163e-20 
0.0019843842443100805 5.999816999209302e-07 2.607806404954371e-10 5.3863891564345116e-11 -4.747572787298437e-21 -4.059109427948624e-14 4.267832234139197e-21 
0.0020080697281429777 1.3318372236375269e-08 3.6243599271902545e-11 7.531121282573951e-11 3.563297248982217e-22 5.8440191762434775e-15 3.918472864474829e-21 
0.0015224045494967218 4.914361849179226e-07 3.214305505508658e-10 1.5325691040191867e-10 2.992534281232054e-20 7.857044049966562e-14 1.6171305848738057e-20 
0.0018805820049907114 4.4746429970348245e-07 9.76187604190527e-11 3.995158337442457e-11 1.3879977640536978e-21 2.315261992244384e-14 2.0732592076840444e-21 
0.002387331345757673 1.5608322188444632e-06 9.323009062650951e-11 2.45944919026967e-10 3.192392293669387e-20 2.934194947401226e-13 1.9179193399540167e-20 
0.0019397650448437927 9.072009078433547e-07 1.362458707842679e-11 1.1692587780770209e-11 -1.2919370799849391e-22 1.0270499258044853e-14 -7.133621064714472e-23 
0.0017798012074930116 1.5270205379890193e-07 8.923432051681495e-11 2.639625564855637e-12 2.5234041045642756e-23 -1.0293265826251872e-15 3.16927958777466e-23 
0.0018091239777998467 1.8657244435042635e-06 1.4636199363655511e-10 1.0760976408606375e-10 1.3123759386057062e-20 1.4688770202169715e-13 -3.1858310244953434e-21 
0.0016701673466975918 1.0352264153518336e-06 4.5501708218073835e-10 4.368153456948575e-10 1.9438087584922744e-19 4.4417252652458066e-13 1.1861955255066041e-20 
0.001448916463556351 1.515400270607268e-08 4.1294830683391564e-11 5.8021410077836574e-11 2.692490792211515e-21 -7.323797908586162e-17 9.03623941239379e-22 
0.001902637109438686 1.0569721007500573e-08 3.3377776432419523e-10 8.04957726667419e-10 -3.7083396026000995e-19 4.8000625537228733e-14 1.9124145710881994e-19 
0.002208280573250253 2.706332077669527e-08 6.306646959132945e-10 5.753808757649252e-10 3.3550860943798155e-20 -3.516444256770438e-15 -3.4497539331127875e-19 
0.0018145962186245624 3.8537436692981504e-07 2.3767672693793584e-10 2.2580309053848225e-11 1.6181815503377655e-21 1.3797687123529886e-14 -3.4331882293963994e-22 
0.0023307083094160895 5.241912880529821e-07 5.553861146938306e-12 3.843488765430761e-11 -1.7798182096193658e-23 -4.132470548795321e-15 5.612646421279919e-22 
0.0020696132986399666 1.2089688896431234e-06 9.81282413997154e-11 9.457831044395198e-12 1.2584826120204774e-22 -2.9677424004135492e-15 -2.59190138097933e-22 
0.0016281812583255314 2.3136838306551437e-07 5.12525540408226e-11 5.910914118895634e-11 2.2681610929632093e-21 1.4785820921365295e-14 2.332416636076993e-21 
0.0024494173861476184 1.980775259353152e-06 2.384519957671138e-10 2.242615299550967e-10 4.3844698302535195e-20 2.8379646274841014e-13 2.769663801690993e-20 
0.0014355683325765628 4.1308388328375497e-07 2.928255088983715e-11 2.0052578441826837e-11 -2.6336006462308424e-22 -1.2677548925558957e-14 4.0835560715942345e-22 
0.0015191426517571576 9.609872669823004e-09 6.183007017858613e-11 2.6727796503336705e-12 3.055641074259265e-23 3.4616320081135336e-17 1.5712061309267987e-23 
0.0016702549716382132 5.309143469000563e-07 1.7041345358120432e-11 3.987014749220315e-11 -3.768477629389392e-22 1.3606554331392496e-14 -9.685270134483084e-22 
0.0018984662362882202 3.543486048055447e-07 3.058561978582191e-11 1.715550758080693e-10 1.2101800639905732e-20 1.0049244291328025e-13 2.8240248491314465e-21 
0.001996926287174146 2.2753614591170018e-07 1.2763785904785315e-11 2.2345505391536206e-11 -1.133422130239225e-22 -8.885125838608985e-15 -3.599537201522356e-22 
0.001955711635073925 6.026013804380908e-07 6.461897242544534e-11 4.138297405872923e-11 1.8882632973280176e-21 2.9377927313300076e-14 -1.0069937350820213e-21 
0.0018802926666745983 1.6097647960801474e-07 6.646302904936373e-12 7.46298023059162e-11 -1.2872839064252348e-21 2.5015336801716155e-14 1.0514246336497452e-21 
0.0014823654626607357 6.805535556374629e-08 4.929435179508403e-11 4.2929721594844695e-12 5.173683724250945e-23 1.077390555725904e-15 -3.4976570168063546e-23 
0.001696064868281094 8.494447222881239e-08 7.333841154388043e-12 3.915552941145935e-11 -2.335530200034568e-22 -1.110782452794303e-14 -6.210592398258977e-22 
0.0019386519098627854 1.899793399388642e-07 2.8821642817653283e-11 3.7740887153734585e-11 5.47150945440959e-22 -1.136374092954624e-14 1.118031975079346e-21 
0.0013880011373552906 2.7971514462896082e-08 4.782761355316666e-11 2.418076561239704e-11 -2.745146105752663e-22 1.2642347668556436e-15 7.751535590153662e-22 
0.0016375231850202215 1.2309719645981012e-07 2.7846631229381555e-10 1.4235545332229472e-11 3.1768814282873546e-22 -4.972382369835882e-15 -8.38096713107095e-22 
0.0020673449216720096 1.1380309633466119e-07 3.1876703921945947e-10 2.0709891274504394e-10 -5.305011910708601e-20 5.244458157752958e-14 -4.137827596413584e-21 
0.0025129880451255724 8.563390254366713e-07 8.815002700722639e-10 9.340104965663447e-10 7.949885090291608e-19 8.576438061477183e-13 -2.9367791902464833e-19 
0.0024206304805848454 4.1746650929365725e-07 9.527014061388673e-11 2.812192871338817e-11 1.4083757328258047e-21 1.565317250961334e-14 3.6781556410527157e-22 
0.001657879162412156 1.351531833415343e-07 1.808733393613134e-11 6.125671468530911e-12 -6.207417552354223e-23 2.0169519657076103e-16 -1.7445036573818606e-23 
0.001332565979008115 1.0027933562532253e-08 1.367849923850713e-10 8.942378585873649e-11 9.432670674267104e-21 -8.600311863281209e-15 2.97286991247563e-21 
0.0017955278199850329 1.6456365527593492e-07 3.4793633758882914e-11 2.7842735265170746e-11 -7.380158895515451e-22 9.952264759022345e-15 4.542299448452621e-22 
0.0024847375882944907 2.745752899406098e-07 5.789057354806449e-11 1.5880804796852963e-09 3.845605788346905e-20 7.146300203875552e-13 4.799800911006867e-19 
0.003050733446088257 5.919705595722353e-07 5.287628515112934e-10 1.0286230252720378e-09 -3.3198005040384035e-19 3.6944027846285173e-13 6.821059193906461e-19 
0.0019244787456046916 4.0777533627445497e-07 2.24636967760715e-10 1.1310393715954739e-10 4.8992251187604076e-21 -6.446966156122673e-14 1.7349951578497926e-20 
0.002898765109542876 6.301728019951496e-07 6.523230328928907e-10 5.71449027033173e-10 3.4320016678382983e-19 4.14292008495968e-13 6.279305984966864e-20 
0.001820982358228361 9.835845735471024e-07 8.614558328639513e-11 2.4686368390982182e-11 -8.335331817089371e-22 4.919718622066461e-16 7.753846365247889e-22 
0.00214541939642933 4.139087002803438e-07 9.241037987557772e-11 1.7610959885517113e-10 2.1436567746746527e-20 1.1325906627655562e-13 6.7242859896481274e-21 
0.0018356681964297955 1.1975026524007188e-07 9.541569504292735e-11 2.219340864968532e-10 2.2205195066480845e-20 5.84395483436191e-14 2.345095774787053e-20 
0.002772230261077274 1.3772313707205915e-06 6.98160385170843e-11 1.6363126779249687e-11 4.381787360281019e-22 1.4743668452264706e-14 -3.3746335065288854e-22 
0.002574859684602019 3.9451193213782165e-07 9.147620354224712e-11 1.8902380124385463e-10 -2.2641361883809514e-20 1.18441494883094e-13 -1.0255853889791723e-20 
0.00144385005191586 9.928645695687243e-08 1.4087710333670277e-11 1.0674158471623316e-11 2.3753302174591496e-23 -3.3616083328457137e-15 -1.2872099187983283e-22 
0.0018469724345083428 2.0539530464551408e-07 1.592343837985498e-10 2.797033859186235e-11 9.195607708945027e-22 -6.440690001752493e-15 1.6244458059897578e-21 
0.0012032191107025502 5.299537199241403e-09 3.669868078995472e-11 9.986326696784654e-11 -2.026603785340439e-21 -4.505306215673367e-16 -5.695719969509873e-21 
0.002462988244227531 1.7976715130303675e-06 1.8287960173101442e-10 7.326336841767962e-11 -8.284920950818107e-21 -2.5289497549262673e-14 -1.810013667131358e-21 
0.0014495893388542188 9.675566728616085e-08 2.474224430001067e-10 2.0654302130742813e-10 4.192317096931271e-20 5.939332270024497e-14 2.0555264159778575e-20 
0.004331019622368081 7.082070923561248e-06 1.0950791789145004e-10 1.2361181708848642e-09 -9.14724458589569e-20 1.8547689914664974e-12 -4.4549802277409595e-19 
0.0023185383251546053 1.2893603091372672e-06 4.655080084423404e-10 6.263644002765786e-10 -1.492418205422335e-19 2.0714509262256855e-15 3.035164327801005e-19 
0.0027863782611407084 2.7981299794362406e-06 5.343986310436547e-11 7.741842903089957e-11 -1.8739368050625704e-21 1.2281238973369689e-13 -4.613601466485624e-21 
0.00218930255746682 1.2318254995982575e-06 6.749015538669996e-10 4.127392152942596e-10 2.176263830170865e-19 4.580237008144164e-13 -9.601548260937117e-21 
0.001810995659533988 6.749706047829286e-07 3.9889227410757583e-10 3.6481940373830154e-10 1.3842731060456964e-19 2.9311238026942374e-13 -1.4355710637272396e-20 
0.001917987189959071 7.400861290479506e-07 3.608377973106149e-11 1.0823462507126305e-11 -1.8698546754694597e-23 3.450524473888042e-15 -2.130784517078811e-22 
0.0024045868549517845 9.857563634891619e-08 1.825807431090574e-10 6.200970831570738e-11 1.8002093901517302e-22 1.1383676515429138e-14 -6.595615215429999e-21 
0.001905275566183502 6.60050927458403e-07 3.58981948647218e-11 1.4493876111349939e-11 3.28782336923567e-22 9.201289280193294e-15 -3.4694464942714007e-23 
0.0017662131637734477 1.7603270753996772e-07 9.871306753425954e-11 2.8481379567434537e-10 -1.87753034094823e-20 9.779916897116817e-14 -4.3910512472027306e-20 
0.002934015660049378 2.530208778702971e-06 9.198249901905624e-10 7.812385046546775e-10 6.348845530939502e-19 1.2225805714279061e-12 -1.8843826007610087e-19 
0.0021163941456823487 1.2174618471630373e-06 9.040893724206852e-12 7.736014083254733e-11 3.280079373692705e-22 6.294543857289348e-14 2.019421404097965e-21 
0.0018706462899711414 7.645372176104984e-08 1.1553190109810032e-10 2.6682782981331754e-11 1.4236651653193534e-21 4.351957325610942e-15 4.0985267653605947e-22 
0.0015145979598288183 9.881675312166294e-08 5.156456566450938e-12 2.826505852304507e-13 -2.783056282962897e-25 -3.6577518061761555e-17 1.9744787844401687e-25 
0.0016036433757960402 1.6822307115464522e-08 1.3476177441606387e-11 7.345935857611452e-12 -7.269017003991768e-23 -7.335570642337634e-16 -7.628318584042598e-24 
0.0018524083907101086 6.06904511081895e-08 9.263257690812174e-11 1.937168645875045e-10 -5.171982294842665e-21 -3.982390612614771e-14 -2.542910993704007e-20 
0.001834787604651307 4.1143917931214375e-08 3.1162866878246563e-10 1.5889135469323184e-10 -1.3593448088568844e-21 -2.6322251970826597e-15 -3.533034581947736e-20 
0.001573495872334367 1.0889265692341289e-07 2.3775632785480366e-11 1.1309977674526184e-11 -7.888955215960565e-23 -3.7315788322556626e-15 1.6784868788568066e-22 
0.0014213475681029715 3.7425815477264854e-08 5.2186092090224967e-11 1.2357335776746509e-10 -9.871368802332894e-21 4.411318510290102e-15 -1.0157917870103484e-21 
0.0019672950824706475 7.041374988119267e-08 2.6108245923799227e-10 1.2403356383637478e-10 1.8265431326911255e-20 -3.0870032792221925e-14 -1.2828266718925779e-20 
0.0012477646154978124 1.380695850531981e-07 8.766762445751729e-12 8.325595917653046e-12 7.07407268367911e-23 -7.913097831584132e-16 -7.415449824199445e-24 
0.002193481706953027 2.1571222178028315e-06 7.99344088606277e-10 4.6085245137748073e-10 2.7748926284000673e-19 6.768059348444866e-13 3.5185526456997573e-20 
0.001922137545656289 6.28110899439259e-07 3.352838790127142e-11 5.014682294115717e-11 -1.2055751155101292e-21 2.907201867864363e-14 1.66573292402133e-21 
0.0019316132693396049 1.1958082790734322e-06 2.1964537852717145e-11 3.2333237557943425e-11 5.304144210505794e-23 3.490974468502964e-14 8.600237047182673e-22 
0.0012653401844700454 2.20163312767142e-07 4.1257009641377294e-11 2.721000851280785e-11 8.341442653107912e-22 8.109149304216663e-15 -3.679153551857383e-22 
0.002222907481993673 1.249343010402922e-06 8.310476367658024e-11 2.5958231395794384e-10 3.5586599209816114e-20 2.7658814553776886e-13 -1.3682655194920506e-20 
0.0015912115142776074 2.0016639904972431e-07 3.3861408095217463e-12 1.455428956478385e-11 -9.630151304896759e-23 -5.013973087456924e-15 3.413911089692764e-23 
0.0024661245390895105 2.7823787281477727e-06 1.2020666845716249e-09 1.689649754674516e-09 2.39911014120026e-18 2.8179400732710096e-12 2.069061601009002e-19 
0.0017487199064877418 6.612707031443232e-07 3.722583191172526e-11 8.253338514907563e-11 2.7840508462941313e-21 6.381243105899952e-14 -3.630059730210229e-21 
0.001645215291510474 3.964329503174399e-07 6.301741965398392e-11 1.6038702667101504e-10 1.1097706557309397e-20 1.008715114373673e-13 1.169777338795099e-20 
0.002647578886114952 3.028578010585037e-06 1.8797279612001094e-11 1.1610708098803531e-10 -4.3218746409578734e-21 2.6848057385108392e-14 -3.277701503726571e-21 
0.0015488227778947088 3.954032241395447e-07 8.42253054355451e-12 8.070082035724617e-11 9.851817867108544e-22 1.2971943574103887e-14 -1.859053433784599e-21 
0.001610997087545201 3.2173563343640573e-07 2.043449664053123e-11 8.185900183123488e-11 -4.252558434825592e-22 -2.4733225108222426e-14 -3.3208530211126525e-21 
0.0019022188168610252 7.511966286579715e-07 1.1891786894948576e-12 1.473028793842928e-12 -1.8107183516377795e-24 8.623317440636529e-16 -7.225993991149928e-25 
0.001992429684350997 2.930556112271929e-07 5.001421964558044e-11 3.368911251592858e-12 -2.0439781315686965e-23 1.8233217240809497e-15 -3.865931408567194e-23 
0.0014918724880444677 5.982459170234059e-08 4.562886074294474e-11 8.537454098750653e-12 1.635599240680861e-22 1.6243085108164176e-15 -4.05220073183089e-23 
0.002022069034946578 2.360552389159382e-08 6.694235221306186e-11 1.2450633458575428e-10 8.889439892105251e-21 1.788892756425911e-15 -7.083901884636263e-21 
0.001155399430444745 6.790004671332406e-08 4.088607613052655e-11 1.892313635978061e-11 -2.0060248900723295e-22 1.8222427017910303e-16 4.8662767582355235e-22 
0.0021296997025033433 7.110158723493448e-07 2.7499990056656482e-11 4.480168651708434e-11 -2.241348662023297e-22 -3.648427538638312e-14 -1.5565073764530348e-21 
0.0016822404005927172 2.365348720539721e-08 5.3440692709406376e-11 1.5432865417378944e-11 4.421029128328445e-22 -1.5386347900378932e-15 3.125395441415728e-23 
0.0015994649014700983 7.85371273223369e-07 6.349082077348672e-11 5.612498591125963e-11 2.7875850425358223e-21 -3.3474286967655917e-15 -1.8585470537783775e-21 
0.0027612849526141296 2.0432397109495447e-06 5.811873394437845e-10 1.5752227235629798e-09 1.3292516687547628e-18 2.153019676328222e-12 7.104528826178783e-19 
0.0037103985610214014 5.661776955997831e-06 1.0249528413571547e-10 1.291817993399854e-11 3.7381682450106217e-22 -7.197272474347128e-15 2.849877827155719e-22 
0.0028786069022002023 2.5910735172845e-06 2.954238204683401e-10 9.348242799294411e-11 -1.214752958243126e-20 -1.17561685660856e-13 -9.684056187161456e-21 
0.0023664156931977333 9.402190036567493e-07 1.5591210953703456e-10 5.750708284617637e-11 2.8470761130291958e-21 4.9769715757274933e-14 -4.641709377514881e-21 
0.0018468271248157724 2.900313540534968e-07 2.0009858902651925e-12 2.6085258097099582e-11 6.977278042833478e-23 -6.137015610520402e-15 -1.7506627367492532e-22 
0.0012749866821489524 9.48273661224612e-08 2.0778350399173496e-12 3.053296017487963e-12 -5.682098347409905e-24 -9.222084303612834e-16 -5.182540511315108e-24 
0.0024537952332788116 1.614516640897183e-06 2.8651577817823676e-11 2.2383136920375035e-10 1.2142811231483928e-20 2.2933201952735686e-13 1.3185318817633666e-20 
0.002632916302450998 2.208397451632825e-06 1.9434467802464895e-10 2.4479680653629795e-10 1.4527825516916772e-20 3.1242147451201477e-13 5.1379900991371314e-20 
0.0027685994515917714 1.8200979256414262e-06 6.46881771870067e-11 4.608233271709351e-10 7.172692748493276e-20 1.681042181627614e-13 3.443262972106819e-20 
0.0018575672201968537 1.336128666505855e-07 1.1616800043351554e-10 4.183145192427434e-11 1.5650855665811537e-21 1.0092906602383322e-14 -2.460479720515799e-21 
0.0019119756288392066 9.715716950354734e-07 1.0367379844888044e-10 1.6019648641810402e-10 4.343793036489145e-21 6.479951392088684e-14 2.0182807445631082e-20 
0.0016538843713321178 5.805565493355446e-07 1.1874764955128983e-11 1.064746223581922e-11 -5.584078965274632e-23 3.651724053255611e-15 -1.059040719114033e-22 
0.0017207787491911116 1.7695500332312377e-07 3.869680235863642e-10 5.163403791245793e-10 2.193481132205001e-19 2.1289643672426788e-13 -7.180866948382746e-20 
0.0027330142134715492 2.8678369114068537e-07 1.0319913494727715e-10 1.8188568531319608e-10 2.4705478678563123e-20 -8.896682717300391e-14 -3.2574150730629678e-21 
0.0015500586696968002 2.091593019292523e-08 2.4521507155762698e-11 4.201321914964473e-12 2.763165567633983e-23 -5.664390247443107e-16 -3.2480101398982906e-23 
0.0012811419831029675 1.7118215664641146e-07 2.6736084219088735e-11 2.195878097115275e-12 -1.0246942046990152e-23 8.934588437668685e-16 1.3344993225076778e-23 
0.0013435855214981468 3.0780511451513985e-08 1.7171159005291663e-12 1.2037798751875183e-11 -1.3304355079664333e-24 -1.3480040941262305e-15 5.471319328782384e-23 
0.0017898645552224099 2.162281283108254e-09 6.799167701145422e-11 4.024005544093831e-11 -1.5125903731402498e-21 3.757197969117672e-16 -1.4636780088635e-21 
0.0018045796973825707 5.665848488559868e-07 2.2795071142433137e-11 5.259407915026018e-13 -1.6901866636340894e-24 3.5360664669515293e-16 6.779023081412497e-25 
0.0012129103943244817 6.486971026462103e-09 2.0130464328368127e-12 1.662360537496926e-11 9.031954574008709e-23 1.1885329494575217e-15 -3.3014974812647164e-23 
0.0021805142257075145 2.0121519327620697e-06 1.794838009399311e-10 1.287123132157407e-10 1.3154263961631586e-20 6.327567035866243e-14 1.4480649340515712e-20 
0.0016294901975303616 2.897420561577696e-07 1.0245097832997105e-11 3.0710705535216794e-11 -5.386758929781937e-22 1.0494194521770638e-14 -8.108455192882585e-23 
0.00237337794270936 9.89632386760487e-07 7.391239358550033e-11 4.823227853638416e-11 1.2884075942062373e-21 4.756433882761406e-14 2.5755324703674125e-21 
0.0026310261843969264 1.3158123386953645e-06 7.366658865166452e-10 1.295774960758475e-09 1.0797625324232887e-18 1.4658500686688994e-12 6.609379502526708e-19 
0.0015134982373691559 3.438855155930063e-07 5.124602850409472e-11 4.2297310923405925e-13 1.942733915402909e-24 -2.440777404732643e-17 3.220275339452837e-25 
0.0019020745574076245 4.4209351579569995e-07 8.735664746270154e-11 4.5060348192213884e-10 7.720923319167991e-20 2.548520186883124e-13 4.5068592826935134e-20 
0.0027487938903323697 3.545099185930445e-06 3.269980156340404e-10 1.688229982244288e-10 3.965992666160735e-20 2.4965721421503397e-13 7.022166993231518e-22 
0.0015270399684136414 3.139417488075285e-07 2.4653895877808373e-11 1.2263074396193507e-10 1.8915892456482585e-21 6.571433778535127e-14 -6.4720603729377435e-21 
0.0021991637061004056 1.4548099032595108e-06 1.0988120335028947e-11 3.980093183650948e-11 -7.918154408733176e-22 -3.11489623534711e-14 2.565555053184785e-22 
0.0026334312765063693 1.377101087426845e-07 1.7842423841065321e-10 1.0563825113635514e-09 -4.450763016674069e-19 3.1714649426292247e-13 -1.1065690221531126e-19 
0.0017953332133509236 8.313059040357364e-08 1.4069955350836483e-11 5.5705713882798e-13 6.385888259299071e-25 -1.566140810915059e-16 -1.4228011977627347e-24 
0.001826198527373412 2.964840310655369e-07 4.624888641141949e-11 3.5065551015688057e-12 -7.250977802159087e-24 1.5176154556387174e-15 -4.40625301277024e-23 
0.001566911962780718 7.383422162401161e-07 8.691538789725867e-11 2.2718162706034327e-11 8.206604638596984e-22 1.9427100289956583e-14 5.878904673061358e-22 
0.0012850088957294993 8.775754763197525e-08 9.639454327721283e-12 5.497207957023174e-12 2.6969039060637214e-23 -1.037131612127221e-15 -2.9563388860162875e-23 
0.002360435788118484 1.3087568068605754e-06 2.363831532006258e-10 4.927535849192347e-10 -9.323442100759753e-20 1.7979535017310526e-13 -1.3996095175244623e-19 
0.0022394321555658154 1.4283178951919056e-06 7.696241719653765e-11 9.935926044259629e-11 -4.541646617451255e-21 8.657121199625384e-14 -7.407154380094299e-21 
0.0017308919965875475 2.1220347520297907e-07 1.0547442203006156e-10 1.5953124002655096e-11 5.569841067007936e-22 -7.089346218052951e-15 3.435198559036892e-22 
0.002343989791413995 1.8541182029073727e-06 2.989252315023093e-10 9.148490794631427e-10 4.699133518752615e-19 1.222507078325005e-12 8.979461690851539e-20 
0.0022333544586168497 1.641072769780281e-06 7.535683196249654e-10 1.3187246143615232e-09 1.313738794353666e-18 1.6893321637454558e-12 -4.7480973575387586e-20 
0.0013520304689427637 4.3225109780977516e-08 2.0464786650169613e-11 2.5398275722263118e-11 2.6043073695120097e-22 -4.715992439473075e-15 -5.1717048178879025e-22 
0.0029005040999930923 1.3860563872738375e-07 5.239906013268744e-10 1.372530727060247e-10 3.503225294108191e-20 3.5906515254482374e-14 -1.1295423977282203e-20 
0.00367434089124223 7.611629848699233e-07 1.3353466793811302e-09 4.584212553694056e-10 2.707667835688082e-19 -3.624937526549608e-13 -2.352211169208952e-19 
0.001842615654155387 2.902121547468503e-07 7.117459424305422e-11 1.8867037183722208e-11 6.196285627965415e-22 -5.8207299767268775e-15 -3.067075005463512e-22 
0.0016787741100802987 2.0504053976900855e-07 5.717222305217984e-12 6.379395005059744e-11 9.565343092447115e-22 2.368100887362736e-14 -7.545518670474272e-22 
0.0010183069389440426 3.799156807734874e-08 3.50936369683254e-11 2.047075634756358e-11 1.992306111566222e-22 -2.5734453500304466e-15 -5.112252073181522e-22 
0.0015870192599536327 3.3742930638899407e-08 2.4738209066849845e-11 3.4838594690750185e-13 -9.578993343919966e-25 5.4829391091018933e-17 -3.5843174626314697e-25 
0.001953471280980051 7.065919057947699e-07 3.7964414801863166e-11 3.434699536126545e-11 -7.428842392774711e-22 2.6429540659277575e-14 9.93191735021512e-22 
0.0012331848329442923 9.494654247616978e-08 1.579935532021427e-12 3.507945957849779e-12 -1.5290509054010088e-24 1.0764191620295565e-15 8.115673151040385e-24 
0.001966223691822566 2.652829937090337e-07 3.4934579680365117e-10 8.56330934500509e-12 -4.674144689118941e-22 -4.3696269632241145e-15 -2.9921957856995987e-23 
0.001859817472887736 4.5693081164158556e-07 6.482139215394973e-11 2.5340890231634766e-11 6.750391438145674e-22 -1.641671874741008e-14 -7.740515223221788e-22 
0.001953307208501911 5.337310427813203e-07 1.0548023547580065e-10 8.559240122616631e-11 8.10916400943956e-21 3.7907761536779386e-14 -6.1916676960502865e-22 
0.001397562594704293 2.2123519389971122e-07 2.614755784537442e-10 4.261073655330568e-11 -4.477203067382315e-21 -1.4234252692009398e-14 -4.292987890425725e-22 
0.002084920790442069 8.517515469704067e-07 6.400875538287416e-12 5.3095155559406407e-11 -9.340605037789445e-22 2.4717058441191253e-14 -2.926022066522996e-22 
0.0018592780092482725 3.6561519031253995e-07 5.345875620610192e-10 3.065016044222273e-11 3.438406240236356e-21 1.3183657832136625e-15 -1.8894824959676377e-21 
0.0015818451153534912 6.378199790733498e-08 6.343646152115959e-12 2.111486967433066e-11 -1.9619922180392564e-22 -1.452849436546151e-15 1.4568361491603407e-22 
0.001516967330206153 3.3429284507145375e-07 4.108113437222233e-11 1.483002185722946e-12 -1.1572290742548107e-23 9.688062132414661e-17 2.6584192109797485e-25 
0.0016541073557749535 1.3253610011023693e-07 2.1632269872488592e-11 1.5216753128783426e-11 -7.349116007155417e-23 -1.8311384215752415e-15 2.661182014109672e-22 
0.0028190445112029287 2.761717706553932e-07 4.5101737151916396e-10 2.0276589949081864e-09 1.8273327815579823e-18 9.503086830665424e-13 6.4866778170788835e-19 
0.0022410713602633563 1.0052118305913648e-06 6.300988332802718e-11 2.3040164016855288e-11 2.030038714211134e-22 1.4179924757755737e-15 8.54080771773705e-22 
0.002315034160667453 1.6610666245120561e-06 5.779643217615622e-11 9.761506243445582e-11 6.268295194833098e-21 1.1749927295500133e-13 3.803619276372268e-21 
0.0016409180383508333 5.395009949344142e-08 5.273634780550617e-11 1.4198149365724984e-10 -6.1984455722720034e-21 3.053781946129373e-14 1.0607525367881603e-20 
0.0019719365850201153 1.5742613137672473e-07 5.622702560891613e-11 2.834479870232097e-10 8.50346019628537e-21 8.900192422471947e-14 -3.475843610062616e-20 
0.0017109252838175336 1.496790366522697e-06 1.1021568833803699e-10 7.557158229243584e-11 6.795867645539943e-21 9.195718739548779e-14 1.1767025629161677e-21 
0.0015196451455359676 3.2927813765618977e-07 2.5140307249360784e-11 6.431339219054107e-12 -7.221951065859308e-23 -1.0680600191557694e-15 -3.836681160601029e-23 
0.002117965699865281 1.4459734090338987e-06 9.291182834506487e-11 1.6685127065321178e-10 1.899137021533713e-20 1.8848094929432546e-13 8.420577119435711e-21 
0.0025639532221769087 5.285414018100479e-09 1.1077920240407234e-09 4.161965030026634e-11 -2.830929772648432e-21 3.0191342225351176e-15 8.476454938778382e-21 
0.0017961416105110282 2.2820070818817442e-07 3.544370837534206e-11 2.2622853265618142e-11 5.979648374210269e-22 -1.5879686022320937e-15 -2.2981171908888805e-22 
0.0024296423185120484 1.2999619156700262e-06 2.325163372899913e-10 1.2144339075673073e-10 1.9865011667314648e-20 1.2369784632576324e-13 4.673656797661727e-21 
0.0017198851674647413 6.345515951653628e-08 7.878031461078433e-11 4.793658202908839e-11 2.5104350694858286e-21 1.16364681132603e-14 1.5413309061535615e-21 
0.002271118774525047 2.2498948296874863e-06 4.973584162000547e-10 4.2955217734681087e-10 1.9260234769135083e-19 6.133867682361328e-13 4.8211953494892933e-20 
0.003454707117123902 8.50360914756522e-08 2.3667111462689773e-10 4.0794366682702244e-10 4.39020663899144e-20 -7.675879971688083e-14 1.1891180474684712e-19 
0.001906454259224498 1.0989407794549126e-06 3.1251164326270774e-10 3.326388469346856e-11 -7.830095247622334e-22 -2.875816118348823e-14 3.2998798440002898e-21 
0.0026719558128587466 4.576903814040525e-06 9.54743037194638e-11 3.3234010953503835e-11 1.558111630054342e-21 5.4024238911692626e-14 -1.0377179027111968e-21 
0.001987041011454964 3.6888214129466613e-07 2.042213926163523e-10 3.3781322370588094e-11 -2.804378282123915e-21 1.069222739678396e-15 -9.10925287610983e-23 
0.0018759622268013356 2.3018207776560106e-07 4.8781463196857324e-11 5.947670631662345e-11 -1.8635235286243733e-21 2.29306585504063e-14 2.605912823163967e-21 
0.001419093939076454 5.782732180462123e-07 2.9237662252750006e-10 5.920826139594377e-11 9.804942199687477e-22 -1.0931717533544753e-14 7.728180827272142e-21 
0.0013795007417227625 6.107429832902596e-08 9.694020818388399e-11 6.673845370711385e-11 -1.2457874029763883e-21 -1.6214800875181913e-14 5.221486922840991e-21 
0.0014039811942934068 7.28595881001967e-09 2.3795438707962867e-10 9.625108349263408e-11 1.407441906619759e-20 9.470032511505858e-16 3.7541621821675856e-21 
0.0013659454209085436 1.1292209473220984e-08 2.377277197174589e-11 7.269325468685891e-11 2.7933552283997247e-21 -7.72450990530893e-15 -1.1528607899906562e-21 
0.001553381966641302 1.6902251400590027e-07 5.644297652623818e-11 7.447724377287709e-11 4.767255897309008e-21 2.8848017310997654e-14 -7.68571403168988e-22 
0.0020148553820358776 2.0252630475493306e-07 1.4998087283612258e-10 6.430030297783969e-11 -6.296400076204345e-21 -1.0016362575416207e-14 -4.774733971372902e-22 
0.0016830166148049512 6.551456375302612e-07 1.3648556209864083e-11 1.8703370933165766e-11 -4.143901377574213e-23 -9.947208145197329e-15 2.9594216082401823e-22 
0.001532639154126997 1.581463516176572e-07 6.6226951243051e-12 9.22855498529267e-13 1.3808470315013662e-25 3.380774551927147e-16 2.27730412703802e-24 
0.0014698703619237623 1.4369286390049054e-07 1.8363778053685232e-11 4.857049905409338e-12 3.091190505529491e-23 7.945725431869817e-16 3.3891279646973276e-23 
0.0018176327473458853 6.400570419782001e-07 1.1068167591878465e-11 1.5434177204030602e-11 -4.570557914871039e-23 -4.016552562408512e-15 -1.9648054808177358e-22 
0.0016356060935068134 1.4327582953795211e-07 2.5973826909768933e-12 5.944883242915842e-11 -5.160258237931873e-22 -1.0195084034198327e-14 -5.286136571706775e-22 
0.002302183144605953 2.970713083879596e-07 2.3297055103834244e-10 6.075061167672763e-11 7.19887143232727e-21 3.1146691639150934e-14 6.404802121156242e-22 
0.002836430284309292 2.5698676738633977e-06 3.362462732687923e-10 2.6124671546694015e-10 6.506482404155705e-20 3.8377301204513575e-13 -4.1974467571044065e-20 
0.002373355688955763 1.2004114541656062e-06 1.6112999546663995e-11 5.719554006206841e-11 -1.0397267846975021e-21 -6.25571827083046e-14 1.3906108887340448e-21 
0.0016526208508432197 4.457724592087168e-08 4.329896895796303e-11 1.1009120918113659e-10 6.089284586274855e-21 2.3160487091410172e-14 4.549177736405441e-21 
0.0017818760389488883 4.115807598751282e-07 6.558019290884573e-11 1.0400926207108914e-11 -2.7005919702625136e-22 4.424753945450524e-15 2.926669030006678e-23 
0.003363458440254286 1.9867692168761026e-06 6.080995922034763e-11 4.4443923413511433e-11 -1.9137503973354178e-22 -3.7674408754954326e-14 -2.3025605492671148e-21 
0.002709733812116483 4.4962024931383606e-07 9.592219155754446e-10 1.514687036851188e-09 1.256321305854037e-18 6.120595754716352e-13 -1.324786680841869e-18 
0.0018271909049169034 6.12202602849796e-07 7.565797680056452e-11 1.8534094961055327e-12 2.038096924048603e-24 -6.399108621302499e-16 -2.1852632367589845e-23 
0.003197315414007256 2.060969351355275e-06 1.2828039066475525e-10 1.0091017046335302e-10 -3.5217235424534474e-22 4.546676633591795e-15 1.1475672238988948e-20 
0.0023183644916617255 1.4004855182358262e-06 6.366948014314771e-10 4.74538693981067e-10 1.3799560948588184e-19 4.1835177615639824e-13 2.2134672962543793e-19 
0.0031016730999647727 1.6504990993641252e-06 1.5956534308474078e-09 1.5592284227929633e-09 1.7395426631270443e-18 1.9862577228976897e-12 -1.7386119345267948e-18 
0.0024426299831303146 2.629257547439608e-07 2.7126675375015195e-11 7.370122880154742e-10 -9.497471594333445e-20 1.716708261003507e-13 4.289028517983757e-20 
0.0023164913878491898 8.426644290002431e-07 2.0318484588684666e-10 2.8658288249461134e-11 -1.6194575490129036e-21 -2.6143773179005447e-14 -1.46959685495497e-21 
0.0020343089476825885 1.3195962780946454e-07 3.98595549527543e-12 1.5060977773401477e-10 3.6618229649870006e-21 3.580603024761131e-14 4.564889175337408e-22 
0.0015828531776222218 2.7476781210458685e-08 6.620912517151113e-11 3.1161144835652545e-11 3.627084656447759e-22 3.642957922824746e-15 1.3681367844767601e-21 
0.0020973277361503208 6.011596483415122e-07 2.501296269632258e-12 2.2563659290476266e-11 -1.6935054940214402e-22 1.7050429930861487e-14 7.364495487323424e-24 
0.002705496382942956 1.0201923504576872e-06 2.2712081001702845e-10 8.200799617829095e-12 2.632852091525204e-22 -6.815360169616454e-16 -2.36526284649768e-22 
0.0026901694415082077 2.8303443231569426e-07 6.05383496839989e-10 3.273942808886699e-10 -1.4572576743891274e-19 -6.54875106288668e-14 2.8931060649104333e-21 
0.0044934815551065065 4.4680514666784196e-06 1.9728915521785614e-10 7.077165426720687e-10 1.442579362707483e-19 9.40218514978451e-13 2.2163596779820605e-19 
0.0014588359153732341 3.1151039008196944e-08 7.071727139794122e-11 1.0357017348461869e-10 -8.101401607162688e-21 -1.6192075554060184e-14 -3.596161970069598e-21 
0.001981803130912215 3.64839953829625e-07 1.9123290125162137e-10 9.482136460876943e-11 -8.965887164584313e-21 8.678188854192872e-15 9.0910948757782e-21 
0.0016116929104092416 2.4490537081820823e-07 1.26781634573136e-11 1.7994695902392207e-11 -2.6802158544983467e-22 -2.864301111521804e-15 4.5145708018156795e-23 
0.0017779446922976463 8.833839182398985e-08 2.3867174974948426e-11 3.351729849774671e-11 -5.502325195139275e-22 -4.197436927340033e-15 -7.719652215335453e-22 
0.0017883278530746406 9.443641672134077e-07 2.12785759650576e-11 6.478816556930502e-12 7.276496508376915e-23 4.492544881892071e-15 -2.2179760323550165e-23 
0.0018907088923284716 5.6439816829872446e-08 1.7538954538410845e-11 1.2282634126519339e-10 -4.768297733534717e-21 1.2309242907313871e-14 3.1245726317255817e-21 
0.0025895011315938314 3.610868755424264e-06 8.938150437920833e-11 2.2660943818749124e-10 2.6354724575007428e-20 3.0398948335487245e-13 1.8588818400582872e-20 
0.0015156530023109514 3.415628727965214e-07 6.62411064076731e-11 2.309467209548547e-11 2.677708482747364e-22 7.881554646148317e-15 -8.62697922782911e-22 
0.0016716237547132389 4.581899803548035e-07 6.3722205806434805e-12 1.1512020301020811e-11 9.858395796343944e-23 7.654889449651577e-15 1.7249493035733795e-24 
0.0021280734175662987 9.919065547191143e-08 9.225983052612477e-11 6.54896379086524e-10 4.4535439799960435e-20 1.7716239101080036e-13 1.5469438866045848e-19 
0.0034963165868803605 3.458640485929842e-06 5.71856471215899e-10 5.843906576782914e-10 2.150140605100402e-19 8.915946911592351e-13 2.60572772316206e-19 
0.001981562805798877 1.0043756868216655e-06 5.7720115884490054e-11 4.0686434050818403e-11 5.304476469072635e-22 3.801072738980354e-14 -1.8989934445923274e-21 
0.0014729441404764212 2.1239234866211723e-08 1.2188134672223697e-10 4.610968920452516e-11 2.3525363059096953e-21 4.1787697336286165e-15 2.532604404028446e-21 
0.0029130858795115722 2.8954686631995012e-06 1.0098766779794686e-10 2.345153301090788e-11 7.459255144346662e-22 3.8147367859458606e-14 8.63775487697843e-22 
0.0021939747759011216 1.781032989655015e-06 4.626617269568269e-10 1.947213440671573e-10 5.524805513826123e-20 2.0787811249885492e-13 1.906686501567232e-20 
0.0024375508054822605 1.3053336688055834e-06 1.963910274195373e-10 2.9461181266757613e-10 5.0427728668369164e-20 2.9817621988087276e-13 -4.978946692367207e-20 
0.001862397700387089 2.9310192122163132e-08 4.411073566356315e-11 1.0772430020776976e-10 6.071978234353669e-21 1.507632144298348e-14 -4.274744418085956e-21 
0.002973109970182519 2.739909313239757e-06 3.4215950092216294e-09 3.6762616052686892e-09 1.298882336363332e-17 6.082714247513179e-12 1.1357993412329754e-18 
0.0015407297147396464 9.046336835425322e-08 4.3261314351594377e-11 8.391839414397929e-11 5.0522837018785106e-21 2.5153607412152626e-14 -2.0229934022888313e-22 
0.0014238012105846397 6.70678672648229e-08 4.005854100384486e-11 4.51448922630785e-11 -7.0638053536147e-22 -1.1415729196370138e-14 1.7851428769905384e-21 
0.0022350234766632332 6.565088680490155e-07 3.7829481301216834e-10 1.7760270064129816e-10 4.441761419154608e-20 2.5935408855714675e-14 1.2095882687323569e-20 
0.0028145653468371924 1.273135166367806e-06 2.6394689639186624e-10 6.527713442113288e-10 1.1001019977001578e-19 -2.9746964720545663e-13 -2.4761924743151437e-19 
0.0032741147977757195 7.415909000637412e-07 3.913440160482822e-10 9.064346602299934e-11 -1.1577836815723083e-20 5.745220456746206e-14 1.2546173880094785e-20 
0.0034663365558964022 4.097921783771219e-07 2.7550026561643104e-10 1.9214431016011594e-10 -3.401226208636179e-21 -6.600951282959406e-14 -4.407711254050236e-20 
0.003100187206321235 3.683282709972743e-06 7.718925609413979e-11 9.267522754124064e-11 -2.5300042815219337e-21 -8.299727553364189e-14 -7.41880056260698e-21 
0.0020267721895033093 1.0829384741733161e-06 2.6498326425268235e-10 1.4006722441003445e-10 2.6908988052281042e-20 1.313289250041642e-13 2.0170192717638403e-21 
0.0023935330905896844 1.6383389510762484e-06 4.837227100234003e-10 7.871795361300162e-10 3.240012594593989e-19 1.0075270054502138e-12 -3.619005846577416e-19 
0.0020941987409163307 1.0376048858110184e-06 7.850079709134198e-10 2.796389313504817e-10 1.1989822599907304e-19 2.747882854570976e-13 -5.282358191401046e-20 
0.00207840658558395 1.4239938776990406e-06 1.690069182720232e-10 2.4136980009356494e-10 4.690074751948459e-20 2.634907969265699e-13 1.3300543682253168e-20 
0.0015292231941826354 2.5099583608857116e-07 1.0464467452483405e-11 1.517196797545637e-11 1.1783927949369557e-22 4.197842371751575e-15 1.5053291830403859e-22 
0.001689857546146731 1.1408425149177476e-07 4.439820368272411e-12 7.152244789987767e-14 -3.6732282447209896e-26 -1.0464644404684069e-17 -1.6587274123013386e-26 
0.0016725182743171463 7.677230706553874e-07 2.770842362313538e-12 7.039770437661384e-12 -2.519271930467559e-23 -4.058328495858318e-15 1.8221335915263687e-23 
0.0017927293535653908 2.922603901267647e-07 3.5688060580827873e-10 1.4345366821651554e-10 -3.1598406540719556e-20 8.553736818019875e-15 7.422763874261778e-21 
0.0012987101429524596 1.1868960810166597e-07 1.0707070141378692e-11 7.333025603124088e-13 7.3851918729960345e-25 1.6674259619624776e-16 1.91744858447856e-24 
0.0013666633733907705 2.1645461498664168e-07 2.4089161028374012e-11 2.6600047006210316e-12 -1.6456254672003592e-23 -4.381317003500154e-16 1.3512161116739423e-23 
0.0021060234358410107 7.662428384577358e-07 1.2343346226820848e-10 1.1340893598871302e-10 1.3185041405034214e-20 9.490736659957299e-14 -2.4893895594273566e-21 
0.00200310348140425 8.4507635204092e-07 9.448594260991109e-12 2.4821220763803334e-11 2.2136687045189175e-22 -2.075611875570808e-14 -3.0900860237244683e-22 
0.0014737429483996064 1.97085794009738e-07 9.318228932163107e-12 1.458714323500775e-11 -2.5598932956876108e-24 6.382930130640718e-15 -1.7004851938385954e-22 
0.0019521669236163713 1.1607642714601363e-07 5.992164631688883e-11 8.545002904082322e-11 5.4198921093254424e-21 2.898038629529969e-14 -2.8305033312957537e-21 
0.0014267719479797221 5.503149236863976e-07 2.8841482838164437e-11 2.416043432640553e-12 1.956172172464669e-23 7.074848430792962e-16 4.9084630810533495e-24 
0.0015363905958318072 2.1285583183489685e-07 9.730492147158037e-12 6.353136517525997e-12 1.3214484753819182e-23 2.4197799404427956e-15 4.817201433010139e-23 
0.0036366130192027283 8.477061213140806e-07 1.2618349840800308e-10 5.053595204689766e-10 -1.1572080562067732e-19 -1.4183087981362507e-13 5.379870801891546e-20 
0.002512342244562508 2.5770078426772333e-06 1.1835334552976616e-11 3.0636604903079275e-11 -1.7952077294494526e-22 -3.928508215868469e-14 -5.550711899816094e-22 
0.0016734091338834389 2.7333792294810215e-07 2.7011418558865233e-11 2.0280629107772164e-12 1.4626935316474864e-23 1.049514408558525e-15 3.371731061201846e-24 
0.002133617790376567 4.637788675779952e-07 3.5545756241211924e-11 4.730781195910494e-10 2.226985604834356e-20 2.9637869180951466e-13 -5.716209573188026e-20 
0.0018920814755102292 3.804214674320579e-07 6.6866963376989e-11 9.20317637184138e-11 6.606202726901022e-21 4.811217099373158e-14 -2.9121362094166483e-21 
0.0013610141027642058 2.7719048944364927e-07 1.8166042327195766e-11 6.097783241309109e-12 4.490654748701711e-23 1.2182308693914914e-15 4.585035190127497e-23 
0.0023003643011603367 4.001447721573693e-09 3.8442147181228096e-11 3.4773576720368694e-10 1.736662601368329e-20 -1.981248078471276e-14 3.626052851761454e-20 
0.0028084528098483337 9.949543992810579e-07 1.3266499833962724e-09 2.0080097095159917e-10 -6.304556804737511e-20 -7.408698675731017e-14 -8.225861986056042e-20 
0.0018701404907279647 8.146898891428453e-07 4.9188773801111915e-11 1.3008734372076624e-11 -4.757203463249141e-23 -1.078449177952715e-14 -3.2561112988151877e-22 
0.002010913649117598 9.63101465502508e-07 8.312713540973242e-12 1.4155016482990566e-10 -4.466598082749047e-21 -4.5894286236882256e-14 1.9041295900226014e-21 
0.001453513123320192 1.2421280264261858e-08 5.744380090548578e-11 1.1193986492204642e-10 -5.640089496826017e-21 1.1196202024801532e-15 6.983113135466899e-21 
0.0028182013408205447 5.686222686379662e-08 2.006886570309153e-10 5.87906029634888e-10 1.9236622750359374e-19 1.3633877179916548e-13 -6.144243923154844e-20 
0.0025231535053186847 1.0737359152516252e-07 3.6211220632884105e-10 2.6348672703401906e-10 4.099531385712269e-20 8.63380537429084e-14 -7.03091035718058e-20 
0.0017956891035096284 1.847745385720859e-07 2.7035554296717735e-11 9.720892789915673e-11 -8.001064365629925e-23 2.2052076202029304e-14 4.9827705240801525e-21 
0.00164210784624401 1.6859374282633205e-08 1.5995456814976248e-11 1.8027721857688e-11 -2.1449891692446394e-22 -1.8906192537510566e-15 -2.184202161713088e-22 
0.0016809022141491769 3.577722897726406e-08 1.609709665954691e-11 3.8911892819497137e-11 7.258053192590462e-22 -7.22665217322954e-15 6.493176106209282e-22 
0.0012972437710873912 1.1365687325510632e-07 5.77522219012419e-12 3.107277827032021e-11 -4.023171273008537e-22 2.773479029133698e-16 -1.0679501903204354e-22 
0.0014271160690116067 3.240194048321463e-07 4.996065506737573e-11 2.3312458531577338e-11 3.2024856775868175e-22 9.124436060185423e-15 7.28302343242354e-22 
0.0017466156636617475 1.8891279744196743e-09 6.87999065572793e-11 9.321000446129325e-11 2.611723450898471e-21 -3.532988850218515e-15 -6.992447636270162e-21 
0.001676161039707537 7.722193263902976e-07 4.8492720634961395e-12 1.939057138018645e-11 -1.341960873894792e-22 -8.987554511515307e-15 1.3170500727022076e-22 
0.0015909008921412 4.6293843282120667e-07 5.7414694582047054e-11 6.436088947332886e-11 3.843713143412048e-21 4.165789266364274e-14 -7.299569618525652e-22 
0.0015033433756867231 3.097209472037341e-07 1.0908893049008393e-10 1.102340181245318e-10 1.2085385675123258e-20 6.091396354908459e-14 2.636046561184265e-22 
0.0014485970748794482 4.5055163569782055e-08 6.565528192843452e-11 2.515112476801009e-11 8.157196802707677e-22 4.959537280706669e-15 6.157774615295463e-22 
0.0016726997715156545 9.268661042418162e-07 7.130294418743592e-13 2.0521912483930523e-11 -7.850189843615685e-23 4.8431465457453004e-15 9.509858702931451e-26 
0.0024950982296287703 1.08751171549935e-06 4.095174434415514e-10 1.0963655530267968e-10 1.9018043291408174e-20 6.365746115411972e-14 -1.3341544022522248e-20 
0.0015841828101098528 5.882203972161895e-07 7.679640198635434e-13 7.374994931549091e-14 9.752149354541144e-27 -1.3142248087912441e-17 -1.4592772700753772e-26 
0.0016172869670702688 1.600392696678433e-07 1.3055979181463185e-11 1.8492181215356186e-11 -2.8025778414519778e-22 -1.5336703229232961e-15 6.337483982000407e-23 
0.0015218655879096904 3.0120561345112845e-08 4.4912654992781244e-11 2.744523815565827e-11 -7.492102128606181e-22 4.578962084290556e-15 -6.059356754712269e-22 
0.001165949641311357 5.101070985660427e-08 9.487201160973159e-12 1.2441332758387417e-11 1.1174075561069656e-23 -2.6493609102374763e-15 1.347039413077383e-22 
0.0023404430051398545 7.332829278165634e-07 6.340866765378073e-10 4.3359996027655495e-11 4.156537378166774e-21 1.735246876814035e-14 5.866375633504775e-21 
0.0019378105998421086 3.793366884470289e-08 1.6335474526052147e-10 1.5785481157813589e-10 -1.0660736826006358e-20 -2.088461803245894e-14 2.299774280558157e-20 
0.0017535367869518778 5.786738645308331e-08 1.5481502507399408e-10 1.8469654852976333e-11 2.414241446761269e-22 1.3435697058418561e-15 9.576687423277896e-22 
0.0017473316595932715 2.931732483277008e-07 1.1677618788473782e-11 8.526603677666125e-11 -5.690574224030973e-22 2.03202431805854e-14 2.629684290359279e-21 
0.001844984010703652 2.0954400162432447e-07 5.630572041413107e-12 4.496340473013943e-11 -5.698104170833889e-22 -4.5525114045166e-15 -4.326097731342055e-22 
0.0019329004993497304 2.2419147908916196e-07 2.2018637301511712e-11 4.960702334360571e-11 5.769485138834352e-22 3.819644664005565e-15 -1.5346246163632141e-21 
0.002236405593006045 8.610878494764644e-07 1.7258593416742657e-10 5.083236032553463e-11 -3.3682801843875985e-21 -6.823406066719734e-15 -3.365021288756755e-21 
0.001570650324773304 4.234467098089818e-07 4.1230337582886626e-11 5.103858666640583e-11 2.2620410405721575e-21 3.1360874798802407e-14 6.040193301569702e-22 
0.0018858084259739264 4.372260971327844e-07 1.7501908349031027e-10 1.0650406806912265e-10 1.0586826718398395e-20 4.558098030476569e-14 9.967826439425726e-21 
0.0015403458700219248 2.2736202277896683e-07 4.961382049938939e-12 1.5155081910489927e-11 7.612089957194961e-23 -7.222294315743376e-15 -1.0712151990276395e-22 
0.0013857282354272755 2.6339715784130997e-07 4.660483501090466e-13 5.6654653694654656e-11 -1.425346335531726e-22 1.8114396412091275e-15 2.538375364520269e-22 
0.0014821972497912046 6.180710211289358e-08 8.948033456982312e-12 9.181204939515788e-12 -3.275364555030697e-24 -2.0640565420970977e-15 8.315275989017059e-23 
0.0016449905887999778 2.0421994863518214e-08 4.64250861764575e-11 1.1126620585565862e-11 -1.1310272513468763e-22 7.510775416197084e-16 -2.2618149583533593e-22 
0.0014241158144735586 1.456232636556032e-07 2.26402697239166e-11 9.910632399820466e-12 -1.1674358340059617e-22 -2.1354859319163138e-15 9.170399047599182e-23 
0.0015160897098578246 6.96740203572952e-08 1.3381705022561108e-10 9.925122809712291e-11 8.205668532033002e-21 2.618913067971797e-14 7.96872337990188e-21 
0.0010142274375803874 1.3562353933421675e-08 1.0588126317484091e-12 2.795756119445757e-12 -3.797576652633615e-24 3.182396605489812e-16 2.9522770954293767e-24 
0.0021139625617181993 8.350539523387977e-07 2.679381015445132e-11 2.9998852200384034e-11 2.1220348845671604e-22 2.2703492607671905e-14 8.236015549016232e-22 
0.0009153852457446279 2.095613763166849e-08 1.5029072933200377e-11 2.3145908206834386e-12 -2.427550657971115e-25 2.536926194965707e-16 1.3649249098748877e-23 
0.001360812584760627 3.8274107822325256e-10 1.2199769368016305e-11 1.8081268579098868e-12 2.8985994190326364e-24 -1.9991889837930528e-17 -7.98218209682124e-24 
0.002058256999631488 7.285173131907426e-07 9.426340371541618e-11 4.219486603321426e-11 -2.6067800139016377e-21 -3.5971246922951495e-14 5.349243586285402e-22 
0.002401104465633368 1.2642796086231444e-06 2.3411124275845986e-10 1.8601565900886024e-10 2.142722980610946e-20 1.0405554194159661e-13 3.236860317687547e-20 
0.002255143539608182 1.5576373339554755e-06 1.2525547015103005e-10 1.7747205361533966e-10 2.4496172587497742e-20 1.5204918686587393e-13 -1.0004015515775421e-20 
0.0022882401695426004 1.57098374904582e-06 3.785084205651439e-10 7.946356188335362e-10 4.247129126740181e-19 9.083096309422383e-13 -9.768749218450655e-20 
0.00218851916212308 1.1595799751244261e-06 2.3269563629299646e-12 1.426291314476946e-11 8.210344871195567e-23 4.055075986086964e-15 3.2742679162749055e-24 
0.0011744471090962168 3.9225146226155556e-08 3.388055303233971e-11 2.4335524917681068e-11 4.703077426491256e-22 -4.817992702906254e-15 5.168121500808531e-22 
0.0012267091692987617 7.620490056725378e-08 4.657241865016366e-11 7.171119970746498e-12 1.245159191640019e-22 1.9107768441327086e-15 -4.08718669402965e-23 
0.00120248657407478 2.1191036495836268e-08 5.170007991219878e-11 1.0181336576635582e-11 2.2955146567913245e-22 1.2399788475243558e-15 4.3244063057243616e-23 
0.00113434155084053 1.6284698766779606e-08 4.475908552021828e-11 2.2276598369660576e-11 7.021063488622521e-22 -1.0615077103663505e-15 -4.2948273217124684e-23 
0.001276803540762769 3.432891307885174e-08 4.0197297480800164e-11 3.219480025471312e-11 -1.9640229690824304e-22 -4.970830236518526e-15 1.1414083571774334e-21 
0.0018019911264798556 9.496097507423955e-07 3.032417959239542e-12 1.5305375833357774e-11 5.595403069983781e-23 1.3168585781151858e-14 8.798543706288559e-23 
0.00549852470657741 1.1278151899350824e-05 2.228943930847959e-09 5.55507112351205e-09 1.6668749879532236e-17 1.666983334586229e-11 -1.0210036206275058e-17 
0.0019774859762290127 3.8034842003721225e-07 2.938182889612547e-11 7.471013954000835e-11 1.9558910738341548e-21 -2.6505272031730085e-14 -2.902892654124693e-21 
0.0015818930409771592 9.997087602101408e-08 1.3175117256630314e-10 3.15644166642881e-11 1.1255072577236125e-21 -9.867703070379949e-15 1.6960385854451677e-21 
0.0017270796427878042 1.2840614588053666e-07 6.603785977173993e-11 5.437944855193989e-11 3.222338023589144e-21 -1.1815287649960167e-14 4.856688940806859e-22 
0.0011015218721274307 2.566748504838342e-09 1.916032020063106e-11 1.1980775566759127e-11 1.5974901910508529e-22 -4.340965893521293e-19 8.619984565159243e-23 
0.0016015638982829652 5.113029905245238e-07 2.886366859501934e-10 4.872422190981381e-10 1.6034059290643115e-19 3.336533353525134e-13 -8.762748511407096e-20 
0.0016854900710757343 5.436968939926959e-07 5.846817165745078e-11 4.552791690701044e-11 -2.3485034598036294e-21 -2.7802049313452985e-15 4.6530026680326834e-23 
0.001132352428966116 1.5316780387225344e-07 1.5434664429169955e-11 2.388210378546268e-13 2.014941857169066e-25 -1.9496660518525878e-17 -4.1187363794116264e-25 
0.0017544207502782469 9.080697102823488e-07 6.63165453279069e-11 2.8819691544829312e-11 1.1587452673558195e-21 2.562822324852311e-14 -4.946940563143146e-22 
0.001986346475992083 3.622285351387089e-07 7.33679838733065e-11 7.090354158769919e-11 3.2934165057702566e-21 4.264237821418846e-14 3.912254679320462e-21 
0.0014798688327804508 9.879958955823617e-08 4.5490300439772984e-11 3.763571200552782e-11 7.498278103485354e-22 1.0622644489545053e-14 1.3648443049522355e-21 
0.001903765393134983 5.075869693605515e-07 5.172428329592002e-10 6.911199826068799e-10 2.047877204611967e-19 2.5901927900413494e-13 3.5890065138416697e-19 
0.0017702136061843415 9.220848498818237e-08 6.265526059509188e-11 1.1373362193693143e-11 2.2501438063959464e-22 3.0751683460824396e-15 -2.0382802553165634e-22 
0.0011029228530600036 1.8231070464835865e-07 4.195539813672721e-13 5.5254794477908176e-12 8.14615422544693e-24 -1.5160258193749615e-15 -2.1019238712955723e-24 
0.002165863849030502 7.730212780831768e-07 3.6698888527516255e-11 3.561816384219284e-11 -1.2646670284891508e-21 -5.436999500516017e-15 2.42763422677117e-22 
0.0017961129535758714 8.163701959749857e-07 8.964203730964358e-13 9.757484581425081e-11 7.600421426250667e-22 6.630023191739492e-14 5.050806418795266e-22 
0.0020495914236166647 1.0114208354430688e-06 1.5293218711659734e-11 4.416856910231866e-11 -9.172272641267217e-22 2.52597546029122e-14 6.902622257565462e-22 
0.0012343479855568829 1.0305048045799666e-07 1.6938156266406328e-11 1.4964258596637943e-12 4.359343996877696e-24 -4.800862509278167e-16 6.144487744259974e-24 
0.0010111395147439292 7.777450405341028e-08 1.904400224961439e-11 8.69757808576185e-12 -2.889638166775918e-23 -8.098212867952887e-16 -1.0814370771852084e-22 
0.001615819768632576 5.909483840527727e-08 2.977577244722455e-11 9.066376220377164e-11 2.8340821657591254e-21 -1.1177016989920633e-14 -3.762756052681461e-21 
0.001841084822804247 1.265910417829179e-07 3.610848072210305e-11 6.673358091874592e-11 -2.916440343117868e-21 -1.182748322426105e-14 -1.4917884569814318e-21 
0.0014188060574956887 6.044046926061539e-08 1.2075040718387825e-10 7.501994493557797e-12 1.758388895902244e-22 1.7799973285445345e-15 -1.4164361901191878e-22 
0.0010219513187649369 1.913051683012434e-09 2.111429847147025e-11 7.022209551009528e-12 -5.896961455176948e-23 1.6003066245922678e-16 -6.191883337218889e-23 
0.0011548952114615262 2.3498753355799076e-08 3.064729986088753e-11 1.4469509089255739e-11 2.866140222566344e-22 -1.6016446628785863e-15 -1.0342317015490097e-22 
0.0012489166187508042 1.1063677906010831e-08 7.398956074796531e-11 4.6708686438337964e-11 2.740949791813776e-21 6.521227631058173e-16 -1.6448854748768914e-22 
0.0018314302191425051 7.253733941534928e-07 7.26984728682804e-11 4.118421679929273e-11 -1.6919663266626078e-21 -3.0659442242980245e-14 1.4884698759604656e-21 
0.0032264576145158825 2.8662829265120883e-06 6.431165328327274e-10 4.500357448557306e-10 1.4403285722163663e-19 3.6787556920908813e-13 1.9460857247229694e-19 
0.002467705005312835 1.58456394828405e-06 1.3236065770889246e-09 6.905170178395674e-10 6.278191602929828e-19 6.858047906230524e-13 -2.0405375163874238e-19 
0.0021630405216754556 9.15460854499785e-07 2.64579033379473e-10 2.760114352491103e-10 6.266102355461436e-20 2.5494905660037314e-13 -4.0459233417089186e-20 
0.0019406127371267455 5.488737244912579e-07 1.0310786760368016e-10 5.620711321463373e-11 2.8430616472125083e-21 3.7385393820427346e-14 -3.197818564115282e-21 
0.0021470908736092266 1.4772969252603224e-06 3.743700040256217e-10 3.017007342844353e-10 8.888434435599741e-20 3.6261470128160776e-13 -4.8789854578019396e-20 
0.0018689650476266194 5.303388290881121e-07 5.450217546292722e-10 6.507859474455729e-10 3.8758216726938036e-19 4.737093772681636e-13 -5.13895233606141e-22 
0.0018244359928584607 5.075239680393916e-07 5.115181615917081e-10 4.883148603134151e-10 2.4346931603752496e-19 3.4787601155749186e-13 1.6838683966013236e-20 
0.0016503964620615704 1.0030395430453063e-06 2.2749095562153156e-11 1.4119251602514131e-11 1.1039429756233524e-22 2.078609693596332e-16 -2.2769586888643403e-22 
0.0012960529181386777 3.382321529622019e-08 6.804776167933865e-11 1.4842806434782397e-11 3.9223574197705343e-22 5.344747225191959e-16 -2.620447801253509e-22 
0.0018476708390407432 2.7939064248868974e-08 4.647749531988265e-11 5.0626671894815134e-11 1.7956890750556278e-21 -8.430624665809025e-15 1.6752262621823717e-21 
0.002144464408708778 1.0830150222233566e-06 1.2261022865804527e-10 1.3969650649576636e-10 1.4256065267344527e-20 1.4221426521846897e-13 1.14465619096994e-20 
0.001146071389317945 6.2013604702287345e-09 2.709990776373839e-11 4.775129155202859e-12 -3.1409318777590956e-23 1.3036492542569933e-16 -4.431864108845086e-23 
0.0014093639608446144 1.5477223600244874e-08 9.675225968682675e-11 1.2423754750487276e-11 4.2095597781321018e-22 -6.20698124346e-16 -9.126033700260645e-23 
0.0014492892738660243 2.2789107896379591e-07 5.427419740250378e-11 5.3482609519928516e-12 -8.806838065185665e-23 1.559751842801184e-15 2.3385605044087914e-23 
0.001269794179781865 1.4462418483755454e-09 6.3492556805542515e-12 2.3804500750111582e-11 -6.84992407044728e-23 4.2981635530517904e-16 -2.845214693203647e-22 
0.0011617537414967266 6.049403253119294e-08 5.602600111153149e-11 1.989402828572347e-12 2.159508824061426e-24 2.838907900509261e-16 -2.0891567881136478e-23 
0.001466802725138498 6.457913263657816e-08 1.8190027275550525e-11 7.209226966651983e-11 -3.991885196479697e-22 1.8276432257823215e-14 -2.5799565069198732e-21 
0.001331019702625811 2.1148783458704614e-08 5.4129448485944676e-11 6.463582988244615e-12 -9.120132462027024e-23 -9.378695699428065e-16 7.936725802295779e-23 
0.0012954202481907158 1.4058561692089216e-08 1.164811228106335e-11 1.6882592139171337e-12 2.338614404578127e-24 1.2956995470318723e-16 7.111999468194609e-24 
0.0026410495449835448 3.0992098089225577e-06 3.1291726490927396e-10 1.672129798931734e-09 1.1602808210011886e-18 2.9064378676041707e-12 -3.416608090240401e-19 
0.0017658059860919922 4.1198667002380937e-07 5.722343069664906e-11 3.86505109925111e-12 4.467559793286961e-23 6.195246384520238e-16 -3.616749506650623e-23 
0.002301559710287434 1.6808247075906374e-06 3.521865155599572e-10 8.674052634417988e-11 1.5142834670859508e-20 1.0910459656965774e-13 7.35921987365194e-22 
0.0012628259015683338 2.0274541045391412e-07 1.0924808751130688e-12 5.445320239065661e-12 -7.788025639399701e-24 1.8352798680179844e-15 -1.0758289042577535e-23 
0.0015453716735351806 2.3998254952757324e-07 1.2655814624837008e-11 5.0940377702540164e-11 1.2693126189035466e-21 -2.4309615296541636e-14 2.4853756664563548e-22 
0.0011977386977787676 1.3257705067495141e-08 4.076528379875861e-11 1.212241713989131e-11 2.510676635603584e-22 -1.040393266969152e-15 -9.790477899173407e-23 
0.002010854826081737 1.488225772760974e-06 4.082674992986671e-10 2.432163663293726e-10 7.599673664488634e-20 2.927270061341707e-13 9.91719092099829e-21 
0.0014374172604581514 6.101820624598373e-08 3.31088543484344e-11 4.168378855822882e-11 -2.2208571174029575e-22 9.87243559073354e-15 -1.5325334456529097e-21 
0.0025753849162532786 2.1299829863476197e-07 4.220993104580283e-09 2.0109404709592283e-10 -1.664473765669138e-19 -8.893212456079183e-14 8.136589205985223e-20 
0.0023219838711641396 3.296745996529179e-09 4.204564444226303e-10 2.2256179337670674e-10 -6.421117905771184e-20 -2.8147529302549323e-15 2.2631198516950463e-20 
0.0029365377573106963 2.4913700258193388e-06 5.363078138189184e-10 1.2067773479442327e-09 9.615864269041888e-19 1.657186190963381e-12 -1.3372506085096452e-19 
0.0011899955760091975 2.26975503386411e-07 7.113986604595054e-13 9.902547997907204e-13 -8.273150065330912e-25 4.717610440144335e-16 7.970192726459e-26 
0.002598112969088002 6.643130292459832e-07 1.5659186220858682e-09 1.929743732538215e-09 3.1827614374603435e-18 1.5598490673414796e-12 -1.0597283232998834e-18 
0.002464091393070424 9.882818799105479e-07 5.323985736512578e-10 4.4587506480209627e-10 1.5789964778070392e-19 4.333410903457965e-13 -1.4919978783302237e-19 
0.002118054687369793 9.479671344025507e-07 3.6083126489295376e-10 5.154344932565443e-10 1.949013840862903e-19 4.910216615446684e-13 -1.0688572817379716e-19 
0.0017253030326633426 2.1749268750930668e-08 2.178964444186341e-11 6.428753931296527e-11 5.542895431076953e-22 -6.307359263680428e-15 -2.341393399493928e-21 
0.0021620638659576386 4.7317187600959595e-07 1.2341084274666595e-10 7.182358810129715e-10 1.3521770616978314e-19 4.900957248129482e-13 -1.6565405608256044e-19 
0.0013625862696990227 7.775856293964134e-09 7.069178698976772e-11 2.287484427344561e-11 7.911831682558199e-22 1.2896784746810341e-15 -4.692243372972061e-22 
0.0009666708324925564 1.5621674087583688e-08 2.1335897669924658e-11 9.28701664601114e-12 1.2943563966383075e-22 1.15866467415097e-15 -1.8338973433175394e-23 
0.0013120486990012064 2.950986538463419e-07 6.926869917548082e-12 8.573170886899722e-12 8.018328937949484e-24 -2.4353632660509264e-15 -6.557802607747657e-23 
0.0035964088158966863 1.5425481393945904e-06 4.783938348704026e-09 2.5775134764817935e-10 2.7103885091795914e-19 3.1831737982223997e-13 -9.196549171436457e-20 
0.0011240098286010155 1.927489904820554e-08 5.087630455054488e-11 1.3832709518273881e-11 2.7194595386628127e-22 -6.724712311379714e-16 -2.463838490508002e-22 
0.0015114612350036734 1.6317188424424225e-08 1.0950312399782818e-10 1.1022330896545776e-10 1.1961358082448656e-20 -7.936433155857236e-15 1.8878609695653912e-21 
0.0010698733057467684 6.274461597963733e-08 2.5235343443918953e-11 1.2555554330963993e-11 -4.0108082225454564e-23 -3.374384570523084e-16 -2.198617810713213e-22 
0.0014815415644193826 1.3324055666579981e-08 7.455683635687424e-11 2.383630165393253e-12 -3.156734527421519e-23 -4.277932624425066e-17 -3.637305736917554e-24 
0.0016597218167403946 5.161602920890813e-07 4.721848666656287e-10 4.796881222936461e-12 -9.786634042767017e-23 8.565019147223017e-16 2.0625306174076901e-22 
0.0009443683890395281 1.1103956106425236e-07 3.860680038975131e-12 1.5538748529261667e-12 2.1116392628532735e-24 -4.4197126308806576e-16 3.1663481098017286e-24 
0.0035810737986445764 1.7532280150514762e-06 4.3444906331364806e-09 1.2975811935791488e-10 1.708157172604105e-20 5.820632914923735e-14 9.591604085918227e-20 
0.0013016262192139696 5.386444430610773e-07 1.292782407629669e-11 1.2729234474395718e-12 3.0733168568887498e-24 8.887006808093089e-16 4.149596700156098e-24 
0.0013916849096222217 3.7525639330398263e-07 8.934328780549557e-12 8.677382384235714e-12 5.681439115204834e-23 -4.647880306357273e-15 -5.1084652121806003e-23 
0.0016598860649748414 5.15510302764933e-07 4.736842761377702e-10 4.796929746553664e-12 -1.0492368260197072e-22 7.753104587313977e-16 2.031655808372087e-22 
0.0018342373140237873 4.378608112520522e-07 3.5224530990733717e-11 8.21778899194362e-11 3.958377301322931e-21 5.355140837636352e-14 -1.9696706066462513e-21 
0.0018830720259898196 4.946368723607235e-07 1.912097941926612e-10 1.3744038390584842e-10 2.0697509450524343e-20 9.629467415508241e-14 8.248491322776168e-21 
0.0012322896320636839 9.166736597239723e-08 7.611891247502056e-11 1.8502042593320155e-11 5.864756559919669e-22 5.447555040180032e-15 -3.7170199195941407e-22 
0.0028441380827534885 2.950759577486018e-06 3.116446044408339e-09 9.882800276543992e-10 1.3815946327008118e-18 5.090896267305317e-13 -1.0484977434648218e-18 
0.0013670735739523083 2.269245641302328e-08 8.497423521131594e-12 4.251477436848957e-12 2.5284815780508434e-23 1.2148547136664265e-16 3.697113314902651e-24 
0.001451689566068466 8.826003475320303e-08 2.9332436277785895e-11 5.3813432964182586e-11 1.6914816254103714e-21 1.2130286525080166e-14 1.3076638465773835e-21 
0.002597735828772086 1.2128947776754504e-06 1.1542016028922902e-11 2.1948295049788085e-10 1.0988930227923433e-20 9.794361894169641e-14 1.1306239052797382e-21 
0.0017283093294526756 1.8278435414354963e-07 2.3061048077782102e-10 8.015788328808816e-11 5.940451737375401e-21 3.327643869172487e-14 9.136960273436249e-21 
0.0044950578646656605 4.32817294856175e-06 1.49683366245314e-08 1.1682195695274196e-08 1.5173797764464405e-16 2.3226114803897736e-11 -2.897915168348292e-17 
0.0021852547924905465 5.130207409160782e-07 4.785086989974629e-10 6.719034462093761e-10 3.5651447965990434e-19 4.1951434896432093e-13 1.3433250154105261e-19 
0.0015743590270041212 9.922869484384209e-08 1.2720822685823144e-11 2.1325221633829772e-10 1.1021544050429346e-20 6.6457639027094e-14 -1.3753812505693761e-21 
0.0026058372441285682 1.715829439862586e-07 8.472193361670662e-10 3.0818032392312325e-10 -1.187135757460404e-19 -1.1944051199841574e-13 1.0346371383337533e-19 
0.0010467630112015514 7.283442371916626e-09 3.1503090241477616e-11 8.508231686621724e-12 1.3363358036453154e-22 6.426695617936999e-16 3.9308578303018136e-23 
0.0014621441829513835 8.655276863869974e-08 3.473742228023943e-11 6.71626327906396e-11 1.2979168258987951e-23 -1.4441538715399906e-14 3.2440451237578904e-21 
0.001119208029470266 2.11079965714621e-09 6.016660987903668e-11 5.6461748510811563e-11 3.2806469552365365e-21 2.0865731767294187e-15 2.5905125956682985e-22 
0.001987290192356049 1.7623737515039406e-07 3.698503918152892e-12 3.961008286989499e-11 -4.571250608777204e-22 -1.6534708807171826e-14 1.4452009713430145e-22 
0.0020441136045747962 6.663687360238516e-07 3.7211472936950843e-11 1.35882468251426e-12 -8.935533728807077e-25 7.843172939316021e-16 9.620962347774099e-24 
0.001372233678305543 5.36022857507658e-07 3.741632176330485e-11 2.8745269285784472e-11 3.9809408657519586e-22 1.1530965798238274e-14 -8.545358062860159e-22 
0.0016270024171418387 4.2334812088679646e-08 7.668696900463386e-11 3.336268520267948e-11 -4.405912369448691e-22 -6.4300093090179895e-15 1.6290018728129749e-21 
0.0016210483399515092 1.4292000482520195e-08 1.5999261627469814e-10 5.62403141660797e-11 -5.245367170664164e-21 -6.7188934850625196e-15 -9.729668297501129e-22 
0.001635307771819782 4.039867045283104e-08 1.0587262054573782e-10 3.6572195924580855e-11 9.005580019420318e-22 -4.167447616003078e-15 2.089948886824878e-21 
0.002299266591791544 2.3827110112419802e-08 1.4522351459659473e-09 1.7872036321874296e-10 -4.701684628236255e-20 -2.479635876925541e-14 -7.797116513583334e-20 
0.002046761532494052 1.240735451080565e-06 1.116138812837555e-10 1.824999501768986e-11 7.806736722219715e-22 -1.8447746343773234e-14 -2.626420215264693e-22 
0.0015222047495521646 1.9485415769747779e-07 1.1543216970284507e-10 1.5161009058405715e-10 1.905279083879954e-20 6.583662648993428e-14 6.2653948865764854e-21 
0.0013610707824384255 1.474324386117234e-07 1.929840246454426e-11 3.197824927162164e-12 1.038752337832819e-23 -1.110026629165929e-15 2.2873145849661364e-23 
0.0011895530477954949 1.3181504602051983e-08 8.979506053778618e-11 3.386519067760769e-11 1.8201766520221822e-21 3.3550653473321177e-15 -4.176689783444002e-22 
0.0014718343281328327 4.1842732102720177e-07 3.0006966401524715e-11 3.4862076009784195e-11 1.127447310732639e-21 2.1232745583399135e-14 -1.6169499717947505e-23 
0.0012850202789077116 8.945777521721575e-08 1.2575812235310847e-11 3.0584029597847644e-12 -6.1860990959632034e-24 -3.8674829073145307e-16 -1.793037125729726e-23 
0.0016876984537927612 6.812454170453856e-09 1.3979086489061378e-10 3.240221406805251e-11 -9.290350224494908e-22 -1.4766684256847104e-15 -1.972933583797909e-21 
0.0013934790367901133 5.1590197708969555e-08 7.669049246694486e-11 3.585710783187405e-11 6.003134153038313e-22 -7.763403873812329e-15 -1.7819253006071487e-21 
0.002871651804359842 3.7144751652441053e-07 8.786875701909627e-10 1.1527188485502491e-09 1.0063660091538949e-18 2.1607258061267459e-13 -5.771501288736022e-19 
0.002129972039856199 8.838306981135955e-07 2.8111538800772375e-10 1.5181401212290557e-11 8.455097925439217e-22 9.273042636037197e-15 -5.183791848643416e-22 
0.001118032676098012 2.8200055860099978e-08 4.563161773068105e-11 2.5977090209578665e-12 -2.825695723344388e-23 3.7280452013304577e-16 -1.203102491154279e-24 
0.0021880500787581567 7.204231513038174e-07 1.656455725625474e-11 3.77148543898944e-11 7.634629402832751e-22 2.6239678790730996e-14 5.529434844430001e-22 
0.0016215106473201758 3.7357121965758916e-07 1.671906016043248e-10 3.585275037732193e-11 1.7000138564343156e-21 1.4592377557056147e-14 2.1943269724322056e-21 
0.0016863745884420406 2.8848218797083337e-07 1.0894558100125701e-10 1.5489270815373928e-10 7.424464585462075e-22 8.314182143461872e-14 2.0107376732156943e-20 
0.0018412239225885588 4.415746519948045e-07 4.4882698746834354e-11 6.247848288847317e-11 2.597602544194012e-21 3.000066189823326e-14 2.0491065627751598e-21 
0.00212481363448275 5.005232525123113e-07 1.4013726469996992e-10 2.3308389608512612e-11 -9.268177082493813e-22 -1.3416290539712683e-14 9.568531416907694e-22 
0.0023418943693892945 9.276282619541108e-07 2.2961682223108905e-11 4.052143747056912e-12 -2.3999338871200207e-23 1.2090818182274654e-15 3.0851298647899334e-23 
0.0024645802147108837 4.4492573445179275e-07 1.3779793169092516e-11 6.50667012554435e-11 -1.442533290555938e-21 -3.173686413070433e-14 -1.3095935744103627e-21 
0.002402171825915306 8.447732492812406e-07 5.638514686575765e-12 2.7478133887459975e-12 -3.6551432183560925e-24 2.201854042879036e-15 -1.0179583287422985e-23 
0.0016248522915606766 2.9722882847490156e-08 4.327720127905294e-11 4.330574721827414e-11 1.368674832880462e-21 -7.623591571016929e-16 -1.2812064723540672e-21 
0.0015686387813959343 1.954271616322328e-08 6.664160329413112e-12 1.1917984222727386e-11 -1.0370087063782852e-22 6.383402517431722e-16 -2.2962838213300148e-23 
0.006326371403187778 6.837917591432257e-06 9.164295168728725e-09 1.0160798433666338e-08 4.721271835046925e-17 7.151513852658803e-12 8.593301104336439e-17 
0.0019434601702896397 7.18322996081724e-07 1.6245338793175337e-10 8.356671795776559e-11 8.502631620510376e-21 6.952048685831667e-14 4.7444414392759954e-21 
0.0014853233433802927 2.384364637361399e-07 1.9858919432864483e-12 6.380337044200732e-12 2.257941678593513e-23 1.7229632913515486e-15 2.4445943769547002e-24 
0.0012805648966535575 4.2958943069356023e-07 3.710350183352658e-11 2.6482385854687627e-11 8.296489526437997e-22 1.6981295925090523e-14 -2.8087837731364633e-23 
0.00191602353518222 5.74822637554081e-08 1.171981239252197e-10 9.80494392665152e-11 -7.957041902866934e-21 -8.482982562426268e-15 -6.867200828913524e-21 
0.0019306839215984585 5.630086639472549e-07 6.853635119732605e-10 6.151548098245909e-11 1.2621864592791155e-20 4.6125542948219734e-14 4.79841089440177e-22 
0.0019054626427566128 1.9331056433332013e-07 1.096757971878628e-12 4.2667892022279195e-12 8.047245680988995e-24 3.135449661836971e-16 4.52071752101098e-24 
0.0017059410421881006 3.124211998006532e-07 1.8861668114694444e-11 7.383008516799498e-12 -5.730957409374041e-23 3.5013684003548275e-15 -6.562228580376196e-23 
0.001761038381158505 1.9146670581141904e-08 1.5802586813841498e-11 6.138373724428733e-12 4.547593037490886e-23 -8.089360472111604e-16 3.983649506145418e-23 
0.0014236212669527207 1.89728286604424e-07 5.138678230602607e-12 9.049335634766125e-11 -1.7451592190933865e-21 -2.2301677400130545e-14 8.731892119960353e-22 
0.0020604473611970245 2.0105844684359173e-06 3.990420616049559e-10 5.669942291262614e-10 2.437965772615858e-19 7.949944427948135e-13 -1.153260423694401e-19 
0.0017150471633686983 4.717943829032158e-07 7.614166673678001e-13 2.689777330510697e-11 -1.1991791577064204e-22 -9.245929702784827e-16 2.0906259563574404e-23 
0.0014991230180356357 2.6943089220369216e-07 2.42276893705022e-11 9.6395142998165e-12 -7.332647562198936e-23 -5.0016050000378075e-15 1.2776585353062246e-22 
0.0016546545646882911 5.572245293419451e-08 2.2523677720377603e-10 5.949782883387647e-11 -3.564155036349476e-21 -1.2985982792022964e-14 5.893774513679555e-21 
0.0026389062971126824 6.646767552398559e-07 3.562856146858582e-11 4.613056050039787e-10 -5.782317512265525e-20 -3.3064056851235896e-13 1.241107773840453e-20 
0.002381808630219786 1.0714680014361365e-06 1.987738890754304e-10 8.138738159299509e-11 -1.640651819644606e-21 1.8955132524938334e-14 1.022094582017596e-20 
0.0017105321959461099 1.920294376162163e-07 9.533484817681333e-11 3.08438740400206e-11 -1.296706204204039e-21 -1.0645804498573457e-14 1.0563985785402086e-21 
0.0020027521273888616 5.46788599457697e-07 7.9805950659415e-11 1.2716518124103144e-11 4.044213876908342e-22 9.385761000357002e-15 -2.3562317489271494e-23 
