0.0024942188177659325 2.049919562312756e-06 7.952798988805779e-12 1.1474065735768372e-10 -2.5623077614700637e-21 1.1331934314314188e-13 2.3341265633434835e-21 
0.001792085881276835 9.344121937730963e-07 1.7541166785556325e-10 1.416126041277441e-10 2.1783352182151353e-20 1.293951867220137e-13 4.8621226825937365e-21 
0.0014514469214544302 7.517058775807325e-07 9.845899015409734e-11 2.9605997573336607e-11 4.999158186838639e-22 2.4928505227977922e-14 1.518257283378328e-21 
0.0018476407273306608 5.896358725698147e-07 3.146538808174003e-10 2.422560112007555e-11 -5.024313946896882e-22 8.433540830900144e-15 -2.05454590502251e-21 
0.0020799036896592535 8.581327747247338e-07 2.4613831362847404e-10 3.270862732898164e-10 -2.1832103791586682e-20 2.492535594971139e-13 -9.020305908151473e-20 
0.002352452653493634 1.09578890274466e-06 4.0819769405204323e-10 5.345690595691808e-11 -1.0424098921848499e-21 5.455480438410627e-14 7.827510501502491e-21 
0.0014023025401796855 4.722838429157761e-07 1.169206224633431e-11 1.5006745140669256e-11 -6.885973851016464e-23 -9.943206500727989e-15 1.864733333300984e-22 
0.002308484657317989 1.19126017404651e-06 1.6221059024752823e-10 3.6277605424428636e-10 -5.447329664877376e-21 3.9517179350168057e-13 8.78342540522977e-20 
0.001429305463712875 6.822981350904669e-07 1.168341220248234e-10 9.516852447832256e-11 6.523503050905992e-21 6.662753822711693e-14 7.625522953104228e-21 
0.0015465823281594065 4.27925636263371e-07 4.115749345174314e-11 5.072018987606953e-11 1.8838309929746696e-21 -3.009388236840836e-14 -1.3495903142111851e-21 
0.0014903608536808552 5.347142678320458e-07 1.6800191563264353e-11 1.0415012462374827e-11 -1.3138757046161323e-22 4.041723450370078e-16 -4.1439027859011005e-23 
0.00199865993160255 2.2147176801102336e-06 4.899954780247598e-10 4.0349384828280123e-10 1.782470483977731e-19 5.828312882840465e-13 -2.0411869026005195e-20 
0.0033933655022791425 4.965384925429282e-06 2.731075373306045e-10 3.682220967280054e-10 9.801597571335012e-20 8.164729118720186e-13 -6.346749012553523e-20 
0.0018957926074057148 1.2492410398062989e-06 2.2670065201433601e-10 4.8463805211750694e-11 -5.004169820820995e-21 -3.8820019646400156e-14 -8.737103626844728e-22 
0.001346546352216388 3.5425608107491135e-07 1.8141343342730132e-11 2.082639674408298e-11 -3.888921986618812e-22 -1.8710431214494506e-15 -1.1241680166580975e-22 
0.0018086526846304045 7.187721213223142e-07 3.278683766629571e-10 2.246383847391041e-10 4.310212239244506e-20 1.5261174230516605e-13 4.3114441456993e-20 
0.0012583876439321772 1.3551607489111237e-07 4.537946291834349e-12 9.584461758354595e-13 1.7395440495137327e-24 -3.3458799507289163e-16 -9.845848926443213e-25 
0.0016147952381870103 7.119729196520206e-07 8.850658596111559e-10 4.057673126681838e-10 2.232958406233335e-19 3.405799352711564e-13 9.627468962350876e-20 
0.002031933210054926 2.026080203788339e-06 1.0460530029122384e-10 6.731701078644706e-11 5.082241307570449e-21 9.349741095459532e-14 2.465952726465244e-21 
0.0018160315809729079 7.047415341921434e-07 1.8211663639186879e-10 1.5760709570826683e-10 1.7878527738553177e-20 1.254586961935031e-13 1.983273915780054e-20 
0.002177153458302533 2.5358926462267854e-06 8.167382106295071e-10 1.042557533584562e-09 9.113437120189433e-19 1.6447636148840375e-12 -3.081664871095115e-19 
0.0016793797059609697 6.313181080494788e-07 6.875957323924275e-10 1.655106991534589e-10 -1.8012420242034554e-20 4.98841678733345e-15 5.2849674616231594e-20 
0.0016088553741862165 5.594786258510326e-07 8.867686132821664e-11 2.490403137209288e-11 -5.807526563226194e-22 -1.8608903155024463e-14 -1.0160742426675955e-21 
0.0024102743963852215 3.2586367777302503e-06 5.3961269702564324e-11 2.4829598434534996e-12 2.8380347648537745e-23 4.0789336251196145e-15 -4.5362065274821615e-24 
0.0016335579825424665 7.105418452235249e-07 4.1221336608585104e-11 4.0745941987351883e-11 2.775863647228301e-22 2.5373006917788506e-14 -1.6466556282485668e-21 
0.0014332312057525867 4.422288445649706e-07 4.990351579383435e-11 5.327129170813131e-11 -2.3132514945296734e-21 1.1949855695821403e-14 -1.4808870335760509e-21 
0.0017064240002831554 9.005273541902324e-07 6.631943515379349e-10 2.835507608783133e-10 9.792010166389388e-20 2.445037316518445e-13 7.437075282909534e-20 
0.0014356437152890117 9.673754307516584e-09 2.7439570375726997e-11 9.333247587636019e-12 -1.075407445345567e-22 -8.49730392657062e-16 1.0365211235101448e-22 
0.002203506381879026 1.837519814396916e-06 4.198785931198215e-11 6.043308599538779e-11 -1.054308594217552e-21 8.191506702611211e-14 2.8558051407272074e-21 
0.002037942783336134 1.8101723011924114e-06 4.310202469897472e-11 1.3174765002850902e-10 6.0616683089363554e-21 1.7552645751687165e-13 -7.862696056339678e-21 
0.0016295297335067987 4.7000611064540277e-07 1.3259291447439559e-11 6.469928752946563e-11 1.8565931960726933e-21 -2.465317484219205e-14 3.795917149283241e-22 
0.0017702290823553486 1.2720498351607765e-06 2.768149689717513e-11 3.056280469628674e-11 -7.305038899557163e-22 1.1226386224686648e-14 -5.065793049730814e-22 
0.002153256312155565 2.8237231800692813e-06 6.427929360598297e-11 7.826439317710275e-11 5.450245756598837e-21 1.3144087262785567e-13 1.0535340662063109e-21 
0.001270995053685345 4.0770371151101635e-07 6.709970932417018e-11 3.9446201076410894e-11 1.817424505874333e-21 2.492309923720553e-14 9.030176433819927e-22 
0.0016495350791237576 7.720208262843631e-07 5.23154327279177e-12 7.175088220166412e-11 -8.840525013250845e-22 4.675029224141027e-14 -1.0728074488451651e-21 
0.0020207327372599193 1.0519948916820509e-06 2.3149591290890026e-10 1.4523647488919726e-10 2.0852172334827798e-20 1.3753154676582196e-13 -1.6564711997160582e-20 
0.0017983445302842205 1.4121318273525484e-06 5.345313573714931e-11 1.6720440470407853e-11 2.7927548784442656e-22 1.3452697825323886e-14 -4.145798775604141e-22 
0.0019541797535456013 1.3086950148613478e-06 8.403670771753486e-12 2.4519940826730795e-11 3.4300338140834566e-22 2.4371779205755824e-15 7.896911791649564e-23 
0.0018547044095614245 4.5131687939884775e-07 6.033033720142306e-10 1.9864393940951004e-10 6.197347208845974e-20 1.334081322603838e-13 -2.980278454462719e-20 
0.0031226977078643225 3.0667141511754133e-06 2.2211582552430327e-09 1.725834324484446e-09 2.9233294915534582e-18 2.85277229557961e-12 -1.6946376844002025e-18 
0.0013682882534847187 1.4855325729853287e-07 1.0738894701314353e-11 3.581316097266754e-11 -3.0933673227167873e-22 -1.3645973972876554e-14 6.305426375119139e-22 
0.0014477064146115929 1.2492586678541417e-07 1.5207136682516746e-10 5.353083022186316e-11 -9.639671612607233e-22 -5.440395416851718e-15 4.7326307706717274e-21 
0.0017649931571102075 7.549854460696803e-07 7.50580703133042e-11 3.601837640423268e-11 -3.740832288195048e-22 2.7726489215371097e-15 -1.8350303847061614e-21 
0.0012399782285103694 5.430369432980662e-07 1.3265712635800883e-12 3.92360433718074e-12 -6.88461066789738e-24 6.357517664697003e-16 5.721056419103319e-24 
0.0019099218751492193 5.96710732641304e-07 4.153458135424874e-11 3.622410057974186e-11 1.2242076963581259e-21 2.7939827579310584e-14 -6.89614310522422e-22 
0.001683011540246043 9.064984466024964e-07 4.5711864084787255e-10 3.9168255342123444e-10 1.3580453667188138e-19 3.4328389254670934e-13 9.500219567513878e-20 
0.0021060955730431655 1.4303488743732552e-06 1.0542334639402787e-09 4.595173524960619e-10 2.4832610509500174e-19 4.46204311308916e-13 2.0155979714167823e-19 
0.0015056376258502909 3.5613763687517753e-07 9.26782633936947e-11 4.247393153482635e-11 -1.8057962873809115e-21 2.4471663185176994e-14 1.9597247302025748e-21 
0.0019483199328692927 1.499773308396488e-06 1.47808358923025e-10 1.229281500422183e-10 1.2046596927714515e-20 1.3431490460681254e-13 1.1377586315651017e-20 
0.0015600139580989865 7.866204875828931e-07 5.057657262119329e-10 1.562076340939488e-10 4.054754238289066e-20 1.3834275519467377e-13 -1.6842535091789443e-20 
0.0019154411262478858 1.8665411499414868e-06 7.728842901123711e-10 9.258342802240707e-10 7.757377620930806e-19 1.2545519042088363e-12 -1.0765328940360683e-19 
0.0016891231941856778 9.138647088453237e-08 1.7954410969562844e-10 3.4470568055315664e-11 2.6006494965245642e-21 1.5993694517912577e-15 -7.684407919530794e-22 
0.0022880670997871707 9.386105381243301e-07 1.6376974603378768e-10 7.302869524394623e-10 2.377874643479078e-19 6.46666594495888e-13 8.509698079639052e-20 
0.0014120377513484109 4.4595512764852613e-07 4.4037766228483144e-11 1.2768391600655066e-11 1.2735790232333267e-22 -6.432844339063385e-15 2.746841177749329e-22 
0.0015012096369929283 1.4342638618743624e-07 1.256239355244488e-10 1.243113875897978e-11 -2.607781127170376e-22 3.9034738446771734e-16 4.163188012476888e-22 
0.0015783702641046157 2.1518944059608407e-07 4.509237116835077e-11 6.002713558977674e-11 -2.5101964967619072e-21 6.074572208857911e-15 1.857979188483444e-21 
0.001628728802725188 1.124404334168412e-06 1.9305180251106937e-10 6.042783470277333e-11 4.1462731580714235e-21 6.322438448490923e-14 -5.040436685207318e-21 
0.0011088681095882242 2.5417502357193207e-07 8.20253594877505e-12 1.169458841272105e-12 -1.2187302112377248e-24 5.84256450437049e-16 -3.410830424898264e-24 
0.0020390834491604126 9.464361351105102e-07 1.7640339882520577e-11 2.0920046192490306e-11 -4.006580821119238e-22 1.8615774941856935e-14 -3.132744360655146e-23 
0.0018460470933795163 8.135918808059865e-07 3.5591064199732465e-10 1.0584216487565169e-10 -2.001142967549012e-20 -8.587149026902483e-14 4.6418978874735185e-21 
0.0012487718392656627 1.2310457537867167e-07 4.591526084419674e-11 2.4268316852909123e-11 -5.689726125595671e-22 -5.9393572223854176e-15 5.766544062465775e-22 
0.002108412397454752 2.9572961704891093e-06 1.6856804383863597e-11 1.954886488239034e-11 3.3230281036845677e-22 3.1935881108859325e-14 -1.2453087402517543e-22 
0.0015533866331846487 7.062013585975111e-07 5.800649643062117e-11 2.8682039437189725e-12 2.396957157899444e-23 -2.365814136327601e-15 2.818075167341286e-23 
0.002676580562473756 1.9952863369179687e-06 2.7115086395199966e-10 5.658895107267329e-10 9.650587345415179e-20 4.714479480341201e-13 -1.9955778465075185e-19 
0.0014866057062438833 4.119016859413142e-09 8.900546260347188e-11 4.199832396968883e-11 -1.0870012146971186e-22 -5.293394925395447e-16 2.5654690779360335e-21 
0.002015559949220768 1.4547468341007127e-06 3.618717913860137e-10 7.770893559961322e-10 3.972378977517937e-19 9.339118029050666e-13 -1.0960726810561062e-19 
0.001781350970414175 8.277696562316072e-07 1.4436456775965642e-10 2.4648666565009064e-11 1.3656492743922548e-21 -6.682513433208117e-15 -5.449114225552102e-22 
0.0015222451190889286 2.024855384629412e-07 2.2550327007405577e-11 3.489349411118744e-11 -7.785073162498225e-22 6.160854807370612e-15 5.93272329191078e-22 
0.0017896996669386693 3.1414113563827323e-07 1.9244027500803594e-11 1.5531516989516972e-10 -7.277610547293014e-21 8.503118146021958e-14 -4.374559627543459e-21 
0.0018649164150988276 1.4193645046799253e-06 5.956865387176347e-11 1.4291760543185746e-11 -2.5590596075309326e-22 -1.6983694305667762e-14 -3.2924502740777724e-22 
0.0013536778865069485 8.048803392496628e-07 1.6729172982706126e-11 9.251564950147669e-12 8.415264200567801e-23 8.182455675682317e-15 7.852012721355625e-23 
0.0013936524627840888 1.7357888345074826e-07 8.092247827598716e-12 2.9366952258421667e-12 1.4104698249698566e-23 -1.1502782327048216e-15 -2.4508138548139033e-24 
0.0014329252369852403 4.6186018167026e-08 5.445241798557749e-11 4.4645991712333176e-13 6.007939924438255e-25 -4.182943837411292e-17 -2.117743283162631e-24 
0.0011529635550855551 3.256674033849548e-08 1.9126643541916858e-12 6.11145292805795e-12 -1.7873842262655066e-23 -9.616694199340187e-16 -1.0821929011229734e-23 
0.001442812761788837 7.236708304233319e-07 1.289900456697195e-10 7.65024028697798e-11 6.3345308199850976e-21 6.293894151541014e-14 4.198527564627038e-21 
0.0018498574798816228 1.233689647720236e-06 1.326533330190083e-10 3.0682692011127187e-10 4.861665511981411e-20 3.2008693975027074e-13 -3.8316876730055716e-20 
0.0018323634332040235 9.194601138954726e-07 8.535757263099212e-11 1.1914973323894014e-11 2.6618445613179727e-22 -1.1219429947424443e-14 -2.711652080529193e-22 
0.0013693966681944348 6.474624392290421e-07 8.344658979397134e-11 6.900797620652991e-11 3.810377175287619e-21 4.82976139394841e-14 3.592142707371274e-21 
0.001193689297285614 2.8193425856784795e-07 1.7443613073925908e-11 5.3118562022923013e-11 -3.1170750916019468e-22 3.670616561208768e-16 1.5865870695786682e-21 
0.003383990221280284 4.493448309933343e-06 1.5827028479261718e-09 1.4824029283145715e-09 1.7897073845314014e-18 3.0185855216755084e-12 1.3974163938932018e-18 
0.0009828529315178414 2.535162440302617e-07 1.4520980594782504e-12 1.5522526609132714e-13 -6.85106416699198e-26 -3.1388061972596356e-17 2.7153899569645743e-26 
0.0022093704627174507 2.852980504965418e-06 2.161485404219597e-10 3.6343513455798656e-10 9.824529759929038e-20 5.414263795856907e-13 -2.690603893162873e-20 
0.0015666499094436656 1.8774240986021444e-07 3.4587394132504636e-11 5.0018024591971284e-11 1.39214233600092e-21 1.3818143525283274e-14 -1.5459758556078801e-21 
0.002005113055660098 4.463118484031237e-07 2.6615275070280553e-12 5.5501795129597234e-11 4.720486747503968e-22 2.078240712926744e-14 4.818844686990457e-22 
0.0015919085426451005 2.8130529417412255e-07 5.024773518716168e-10 2.2171598763599632e-10 6.332031201271248e-20 1.0841470069609042e-13 3.830266267819508e-20 
0.00110957782110026 4.457362924068768e-08 1.3474074322378002e-11 3.574864595299218e-12 -9.425226764160645e-24 -5.990533068396146e-17 -2.295071896384627e-23 
0.0017796418057140703 3.510865584416839e-07 5.07150173405437e-10 1.563846598977232e-10 4.3947785220215123e-20 9.213231537785811e-14 2.86753890264854e-21 
0.0012930369467758082 2.2989629729889117e-07 5.3707572388796796e-12 5.2658327517969044e-12 1.8498485290797762e-23 9.72403587148863e-16 2.1024363526814334e-23 
0.0015014980996444582 1.1467091946910003e-07 6.231846807503987e-11 3.9850971795061327e-11 -4.31235639994001e-22 6.935523580967095e-16 1.9385574675009677e-21 
0.003090263769971273 4.215843822156493e-06 1.1809342800578834e-13 6.186139192709932e-12 1.5320084410053822e-24 1.268362043688714e-14 5.060590722255296e-24 
0.0012986850621948397 1.8319345334616362e-07 4.732904400648446e-11 1.6799893826500197e-11 3.6450670349440318e-22 7.183135867902265e-15 -3.0256820368418797e-22 
0.0021043849159660013 1.5786497944875405e-06 3.169756137184438e-10 1.8454076032897936e-10 3.1803171140616455e-20 2.030965200554782e-13 -3.131485151613715e-20 
0.0020613644370694574 8.188752006590312e-08 7.917295451919302e-10 2.2031586683229837e-12 1.421102568492751e-23 -2.790543344336122e-16 -9.091065329375338e-23 
0.0022482224757848844 1.1148978160301953e-06 7.348995908642435e-11 4.4053019074763494e-10 4.8626060665898624e-20 4.310764172717028e-13 -6.259658372100412e-20 
0.0016600890586642286 3.7124755660767035e-07 3.845677289928216e-11 5.870114696251719e-11 1.23945657665738e-21 2.895684633720696e-14 -2.498509009675495e-21 
0.0013152061200351118 4.301530114475511e-08 2.0547677795292796e-11 6.8750233961533576e-12 -5.538148584688944e-23 1.319636487230633e-15 -6.008286920132564e-23 
0.0014314214610749354 1.012283215475418e-06 1.709219200405882e-11 2.2218376650311508e-11 3.286744959858798e-22 1.868456708427985e-14 -2.818587454730551e-22 
0.0010927377922641058 9.60044804205454e-08 1.6092851194865978e-11 9.62324860588381e-13 -3.0118008334224496e-25 2.508174084231275e-16 -3.77503738795579e-24 
0.000984038235910977 1.1225880446637158e-08 2.1093483022583377e-11 2.021625240509486e-12 -5.465412188105127e-24 -2.139056400022332e-16 1.2017085885152022e-23 
0.001526839956863305 7.187063778037002e-07 3.037027334270236e-10 1.313875348863778e-10 2.6245496946281978e-20 1.1119863603006778e-13 -5.026990083746307e-23 
0.0015004412376061218 2.0607998179030536e-07 1.6669479020550848e-10 5.227332526089223e-12 1.364396566268036e-22 2.3730013756765278e-15 -7.20720845758795e-23 
0.0018637921033531784 1.6214456752488596e-06 1.3285779596428791e-10 7.263093828369246e-11 7.103130069358209e-21 8.925696092476891e-14 -6.704883327720005e-22 
0.0012499016927181128 7.105702969471196e-07 1.1470669263954932e-11 9.238341697513318e-12 9.580200265897179e-24 5.133224692365795e-15 9.461730074622891e-23 
0.0012529654521851897 6.002078416334008e-08 3.270776417907846e-11 2.4379418940236952e-11 4.1125283218922913e-23 4.2296651365596065e-15 -6.872015947820513e-22 
0.002167281308735255 5.98175959306051e-07 5.339068519739877e-10 5.127991025673893e-11 5.637724181357183e-21 3.1565182339633e-14 -6.341284015820896e-21 
0.0012549590685779093 2.566909143375454e-07 6.285321000199624e-12 1.6230803242292617e-11 -4.795742305198088e-23 1.1094266490947304e-15 1.567642353275075e-22 
0.0012177280554387878 3.0901309580793723e-07 4.948973463117841e-12 5.019285038522153e-12 1.9201829683673363e-23 1.8701290179017456e-15 1.603424927359716e-23 
0.0015250443264969047 5.237954462605228e-08 1.1955330531080955e-10 2.02872247021572e-11 9.966287460837836e-22 4.552779938113099e-15 -7.041723919903308e-23 
0.001223485104928447 9.773186621072348e-08 1.8783879707056447e-12 1.5031516740361685e-12 8.758999697658526e-25 -4.651671595107786e-16 -2.369051099907191e-24 
0.0018328933638486048 7.594197397380191e-07 1.799169260553483e-10 1.3282467894294313e-10 1.919117926107197e-20 3.2864041269952294e-14 7.301106556843034e-21 
0.0016306869161295656 9.394733423269693e-07 6.750411729262529e-11 4.1114929265305744e-11 -2.7287966174901304e-22 6.486295383340223e-15 2.1487722839781508e-21 
0.0020338866505485846 1.9743809902264065e-07 2.059741855333516e-10 3.71059970065176e-12 6.675115520708238e-23 -1.0031165172708443e-16 7.789362939864695e-23 
0.0016496829241009555 6.128765489466763e-07 2.738124198440742e-11 4.966495981874397e-12 2.4485404810826068e-23 -3.853558682164251e-15 5.248596561940737e-23 
0.0014608557655246637 8.383574790117922e-07 8.046005340494227e-11 6.528560891520969e-11 3.940831085056949e-21 5.051782527237267e-14 -2.618920984721613e-21 
0.0036145312330974322 6.4481060156326045e-06 6.116981812030676e-10 3.386677282760783e-10 8.777843396258156e-20 7.004025862937876e-13 1.2671074860974869e-19 
0.0017078343278042105 6.586370773998474e-07 4.313964745306592e-11 4.390970975181244e-11 -7.266904846631739e-22 -1.1555924246567733e-14 1.767527193457062e-21 
0.001520672739256323 1.002129557889374e-06 1.55498389614356e-13 1.1842428297055318e-11 -1.5469782610828133e-23 8.255223106789427e-15 4.352068265389746e-24 
0.0013066238775932206 8.138677897934829e-07 1.0174435677686102e-11 1.7243760794944815e-12 6.87146884944916e-24 9.757552761072301e-16 2.2251223788453556e-24 
0.0027935197780806706 6.725379395751491e-07 9.76148205674875e-11 2.1768212130453153e-10 2.3448729069817522e-20 1.8959005459278585e-14 -2.1378769329941235e-20 
0.0016263047732428307 7.403447535398596e-07 1.0109314754995405e-11 1.769020685881944e-11 -2.025746188347166e-22 -7.523756069194079e-15 -1.221844184184496e-22 
0.00184352492752334 3.4221785771998913e-07 2.391539656012975e-10 1.575300599665495e-10 -9.466917962800735e-21 8.848262440131211e-14 -2.907375735358606e-20 
0.00136610500048244 7.979493102866118e-07 1.7998738436437866e-11 1.6373108469818453e-11 2.6946460368157784e-22 1.3505079223321481e-14 -7.993968851033974e-23 
0.0014989371766941932 6.401564314986654e-10 8.958795142426383e-11 1.1836104998264467e-12 -1.2003694146086541e-23 -1.0630142102519687e-17 -2.112458755425448e-24 
0.0015011581199842465 4.009966599663136e-07 1.1480417584034476e-12 4.2888993462277763e-11 1.66903943886313e-22 2.662247747954266e-14 2.5043031464312765e-22 
0.002297361625148677 2.2130360851132824e-06 3.2779031305770074e-10 3.7630778980661323e-10 1.2420672963255261e-19 5.591418090196172e-13 4.516621264837023e-20 
0.001970535643072063 8.06813076189548e-07 1.864132289141673e-10 5.134983270535232e-11 4.889974407713028e-21 4.0960176033686964e-14 -1.1525669253088195e-21 
0.0013567642310357818 4.810637520026095e-07 8.684531466502507e-11 2.3395048342028855e-11 9.79297454728351e-22 1.5168722797849858e-14 3.9116610973647514e-22 
0.001353369452913859 1.867900755447343e-07 2.555420276966898e-11 5.4086345219829776e-11 2.0093490609608666e-21 1.6679518529753356e-14 -7.560775247267968e-23 
0.0018744448350177696 1.2536103820053648e-06 2.2484522317953395e-12 8.786963133718807e-11 -1.1986801304501268e-21 2.7762025912274857e-14 2.976966994808289e-22 
0.0013691111001020216 4.998513613007428e-07 3.0059977215975895e-10 1.8497394297641973e-10 3.483767461275297e-20 1.271844609364374e-13 2.624533000637869e-20 
0.0015035063747888375 3.777871858386504e-07 2.3784059596881734e-11 2.4995477857966854e-11 1.075276979239937e-22 4.274688858080821e-15 5.998850693485725e-22 
0.0017133783572313168 6.189423411150691e-07 2.371273575744062e-11 7.01084319068028e-11 1.6966378949174983e-21 5.085457559608672e-14 2.3005963768418558e-21 
0.002098184683526684 1.9126686355126505e-07 1.4506258445702642e-10 1.997253042646664e-10 3.258020401012217e-20 8.680744048696295e-14 -9.70854150574875e-21 
0.0015988485223301604 6.687641556624036e-07 9.90966991778764e-11 3.108850702785424e-12 -1.9755207358741492e-23 -9.559034470891147e-16 -5.086531130585139e-23 
0.0020566782424221346 1.6836378990673152e-06 1.3297763925931647e-10 2.1178487673138704e-10 3.1445429976932286e-20 1.461858557066512e-13 -1.6563807870188076e-20 
0.001631084769588541 4.2566498303892215e-07 1.9385690322236386e-11 3.4813858081944898e-12 2.160960850592372e-23 2.27073810149448e-15 1.8734873795289392e-23 
0.002183027380889089 1.5080094653134956e-08 1.852012334107062e-10 1.175408923475445e-10 3.324298871591722e-21 -1.3661074578806958e-14 -1.7020653057046978e-20 
0.001652501250941362 3.0864469676843706e-07 2.247830010106257e-10 2.804763923076366e-10 4.389025631997889e-20 1.2427403310985425e-13 5.507550346114805e-20 
0.0019852174626884015 1.2377287715449788e-06 4.648167562008877e-11 3.338052923667096e-10 1.635549688350507e-20 3.2935172460156955e-13 3.822779229661078e-20 
0.001543149859960648 7.617183721183493e-07 1.1243064275980489e-11 1.1739008030380115e-11 -1.2634189539159737e-22 -9.972927454145842e-15 4.7174908363221315e-23 
0.001192678013272385 4.5704522237136737e-07 6.5904781226504085e-12 4.570038727540879e-12 2.487332621850117e-23 1.8119940219260877e-15 3.2179469100914192e-24 
0.0012208804908246226 2.9097930517420725e-07 2.740499056892246e-13 3.2728922232246918e-12 7.462888493362722e-25 -6.513796274203619e-17 -3.008466551721093e-24 
0.0018253695311580922 5.549116691309579e-07 1.9938844416732303e-10 1.2305664169155283e-10 1.1217146051404334e-20 -5.626317857141759e-14 1.567558080526865e-20 
0.0015105169303384345 2.56554025133335e-07 8.273455215291188e-11 2.1619716925507103e-11 -2.6398382440752595e-22 1.115875642636555e-15 8.754264949032482e-22 
0.0020108406166707907 1.3400779957196968e-06 5.94535707722098e-11 2.439190218619859e-11 5.822526893221373e-22 2.466074669731691e-14 7.237343258129351e-22 
0.001867364724437041 4.039366736061961e-07 2.0467399286069565e-10 5.1245973553330954e-11 1.6020584726438017e-21 -2.7940751827592587e-14 4.99783487635291e-21 
0.001238293170219415 3.43191884144134e-07 2.0669182448405192e-11 7.483732687627413e-12 -9.041531552611362e-24 2.591697894822655e-15 9.263609378340801e-23 
0.0013784682667239935 1.442541925359073e-07 1.0495855174305956e-10 3.1804233045472526e-11 -3.4248984953578085e-22 1.4797606251204e-15 1.805338261229919e-21 
0.0017719450650261295 4.823911625889069e-07 3.2349653488444043e-10 1.8187552600036648e-10 -2.750518222707176e-20 -4.7190573377976786e-14 -3.4491841671043516e-20 
0.0014917548898966007 9.501638758969995e-07 2.233851583851e-11 1.5366642591529837e-11 -2.866350485513039e-23 7.926567467179578e-16 2.8325879573390774e-22 
0.0027594310029148378 3.511866225601912e-06 9.223194244970426e-10 1.55459497712376e-10 -5.818185888126516e-20 -2.8928870932777047e-13 8.950409785045631e-21 
0.0020092024576597056 1.646569479598958e-06 4.279909026516624e-11 1.8687338002285145e-11 3.0419921007873603e-22 7.299621274176403e-15 4.3216507356888925e-22 
0.0013979278209128227 4.348231542985511e-07 4.710799569638779e-11 4.6015498679999047e-11 -7.857566797659634e-22 1.3683982187993853e-14 1.993119820896776e-21 
0.0015109017612496862 7.042265389791738e-07 1.1755597508508885e-11 4.418145100774859e-11 -1.5973749775463708e-22 3.2510997138403206e-14 9.941392015145095e-22 
0.00134698064414554 9.80612646987161e-07 9.461393531001062e-12 9.061626109279245e-12 6.811182256280044e-23 8.788647411226554e-15 -4.899789416534476e-23 
0.0015550658503840245 6.02166093258544e-07 9.418116643226827e-11 4.0046688627000294e-11 2.368934564826695e-21 -9.805560654418029e-15 6.60965077404016e-22 
0.001792287314360777 1.049416137877753e-06 1.8789303802326316e-11 3.211654622745897e-12 4.1610641458955824e-24 -2.1688581485369043e-15 2.4599290990754533e-23 
0.0025722584638825526 1.956308434796137e-06 2.384555006061937e-10 7.516233887202984e-12 -3.1743247069416666e-22 -6.238450446322064e-15 2.2129102208264305e-23 
0.0011707561872430227 4.516224418809225e-07 4.644045218005078e-11 4.46200791708228e-11 1.7655660887557188e-21 2.850177373474517e-14 1.0041810243708497e-21 
0.0016858308041473175 9.171924581433244e-07 1.0386311407015078e-10 1.0627417652616122e-11 -2.8226000289634127e-22 -8.839161050916858e-15 2.121186067425936e-22 
0.0023346093765983494 3.3235548487241017e-06 2.4791858720058805e-12 4.867027965957914e-13 4.891487002289429e-25 -3.902593312700616e-16 -2.1577491323372667e-25 
0.0014869262937789007 1.035111571605925e-06 4.219988472180776e-12 6.082705917524789e-12 -1.7170909399908654e-23 -4.2915585681590575e-15 2.5590883125603524e-23 
0.0012557337340121295 1.4796570678809196e-07 1.6693529241886786e-11 4.999920392413766e-12 -1.806149680413468e-23 -1.8402924561193196e-15 -4.195680898435101e-23 
0.001453765878450841 6.640911345439948e-08 4.777056592984794e-11 2.3293237226253064e-11 7.375109539018423e-22 -4.2988098702798115e-15 2.4457631137064703e-22 
0.0012354971885368804 5.428256049625349e-07 1.2153083548162626e-11 4.249928179870961e-12 2.3854061703348328e-23 1.7158344336642146e-15 -1.9075520923469622e-23 
0.0019348112072377344 1.1890989206972217e-06 4.147932982243502e-11 6.85735065170476e-11 -2.7645378503116505e-22 3.437999175774125e-14 -3.646750512583121e-21 
0.0017447141256436496 6.756451139731528e-07 6.596226484135495e-11 1.2439230166614512e-10 -1.0478995910430767e-20 6.586122893448067e-14 4.141656854891075e-21 
0.0013752520961108211 3.690311130249239e-07 2.10134039636264e-11 5.138086542937133e-12 -5.250370202829718e-23 1.4467688468102802e-16 -9.681293343982087e-24 
0.0012369582679982187 2.3295739225861904e-07 1.1029972384152388e-10 3.42513238892252e-11 -6.962275857309063e-22 3.0782173343294468e-15 1.9867904135426227e-21 
0.0011181580752597684 2.9796338808987127e-07 5.53023807808756e-11 1.4909708506128516e-11 -2.83324265608117e-22 -5.093476209349972e-15 3.209714046609169e-22 
0.001197434104374076 5.471016367140664e-07 6.883268113306468e-11 6.317104705985536e-11 4.115034686777091e-21 4.4015113729944526e-14 6.468883151938008e-22 
0.0018764352098583708 4.65547322548395e-07 5.351212758331839e-10 2.211990834018732e-10 4.558811382901132e-20 1.256717809425701e-13 6.093744546304246e-20 
0.001506792718631684 1.094435397136806e-06 3.166283624438785e-10 2.1087182438434036e-10 5.3931875089203133e-20 2.2047724592521012e-13 -7.766634111593271e-21 
0.002293108736714267 1.5993321797543663e-06 6.41082307987801e-10 3.4365471623996955e-10 1.5404078764151941e-19 3.772747565942192e-13 4.785231018525025e-20 
0.0016591453526183352 1.1948016448420272e-06 4.664599766820289e-12 2.7149442949942093e-12 5.820095197339929e-24 2.947258059745037e-15 -7.711861130750435e-24 
0.0014037970354914304 1.259872791539009e-06 5.334546251826195e-12 1.9037481902654934e-12 4.264150267433907e-24 2.132719017269569e-15 4.315512415594477e-24 
0.0014168213648031694 3.9395607798490786e-07 1.0058428773639708e-10 3.223477328328524e-11 -1.6915036237372261e-21 -1.9873548761255005e-14 -7.12628035475883e-22 
0.0018082170767823084 1.1288634602922244e-06 3.638211379692852e-12 2.4392961129776553e-11 -2.495286957871779e-24 2.5793176761860502e-14 2.2978154420154187e-22 
0.001288242464332085 2.5643067165376965e-07 8.074443016229092e-12 1.699481872534657e-11 1.9895372951025975e-22 -7.346772798476994e-16 7.133819116075353e-24 
0.0017927864025152973 1.1552244674449471e-06 6.319091069944711e-11 6.325392186220269e-12 -1.258332948070483e-22 -3.82142816810167e-15 1.2589879040277727e-23 
0.0018030228021368472 3.2569709363676157e-07 2.4142743616852456e-10 1.4944875990969719e-12 2.3793697056340202e-24 2.797160545535044e-16 2.828791202250325e-23 
0.0015697761142964548 8.080291349047373e-07 1.523557397612987e-10 1.6548237584681618e-11 -7.480728025390973e-22 -8.248796893264223e-15 3.6167415392893694e-22 
0.0011823762534870779 2.2803199567569914e-07 3.0726326699555755e-11 9.777507572683779e-12 -7.508955209437964e-23 2.3419760987703983e-16 1.519284903916946e-22 
0.001997910497979835 1.3894780847925292e-06 1.0624393552896838e-10 3.217916341830414e-12 3.968564253951959e-23 2.949477638622708e-15 4.433119291296972e-23 
0.001260190326990606 4.129028644496959e-07 7.36061522896112e-11 7.910996200575317e-11 5.332258038709093e-21 4.0678810319260916e-14 2.8301025913685632e-21 
0.001922920002453284 9.179962731364321e-07 3.193104216724047e-11 1.0463236719644179e-11 -9.951625288883569e-23 -8.340610861631952e-15 1.6332110047068201e-22 
0.0016017039108851476 5.469410608184194e-07 5.650481378552943e-10 2.3718007068253573e-10 8.342479209524325e-20 1.7174777767268733e-13 -2.4071003401067495e-20 
0.0012460641042343263 5.228238701004023e-07 1.3606379342956513e-11 4.467732549873563e-12 -1.1619264568634604e-23 1.7492087487036393e-15 3.283889356914022e-23 
0.0028050738571908456 2.4166496634337767e-06 1.5090291394407045e-10 1.1210527638237227e-09 4.449914859692951e-19 1.293156224627038e-12 -1.207837318362706e-19 
0.001837683542118947 1.2651565812646975e-06 7.783717055811305e-12 1.1336661385330473e-10 2.5628242526568695e-21 1.258246358146142e-13 -2.1846515602937905e-21 
0.0012711446857810477 1.3030852083582947e-07 1.720664779559021e-11 3.9486038549569155e-11 -7.049922175534775e-22 -8.691592297424518e-15 7.498703007499367e-22 
0.0017776276696643612 8.712056589726747e-07 2.8842498474114654e-11 1.453268736117165e-10 9.380519312256116e-21 1.2406713814537784e-13 7.292617084687514e-22 
0.0024168776711994727 1.5991305496711987e-07 1.5421079702779628e-10 2.685276890548833e-11 1.649663711174877e-21 2.9939593839942437e-15 -5.143500958426633e-22 
0.0016420063194030796 2.1827534769374492e-07 1.201465805817515e-10 1.933611049981778e-11 -8.589147562260054e-24 3.850955536596536e-15 -9.31946416003995e-22 
0.00325112680981998 2.272421083748475e-06 2.000738627389603e-09 3.0322779456376364e-09 6.554160881028897e-18 4.481623430548165e-12 -3.5812565755570944e-18 
0.0015913267241016095 4.064413635329845e-07 1.7076995230837556e-11 3.534497351905413e-12 -2.650822772051141e-23 -2.0817235557798186e-15 -7.166167544829204e-24 
0.0024220777776572276 7.634908344866531e-07 3.947971285619456e-11 2.1132638208640845e-11 5.368111891846761e-22 1.3648666753224467e-14 2.9056347209588807e-22 
0.001809221338400691 4.0513013012832737e-07 1.1459828256247471e-10 2.7248865677286445e-11 -1.5111468664437786e-21 -1.6449355650081707e-14 1.8714200722593194e-22 
0.0015169967445557034 3.4210555173312734e-07 1.020474259024334e-10 1.6067435901349916e-11 2.9146118239838507e-22 -7.974226328245994e-15 5.816734971996157e-22 
0.0014247032185870927 3.515405951644958e-07 9.386844662955634e-12 1.5141029275078243e-12 -1.5662567553327371e-24 -8.432128623011432e-16 -5.489029664346731e-24 
0.001360778490231222 7.008931147687655e-07 1.6763446393534764e-11 2.0773068002434596e-11 3.8762893047667663e-22 1.7048261545241562e-14 3.372477670563968e-24 
0.0016692770595642824 9.428104660063362e-07 1.1097039438445241e-11 5.2838288644675944e-11 7.329868024523693e-22 3.5378442272427724e-14 1.0486886976672351e-21 
0.0014050743336831554 4.81766814910614e-08 1.4099427680685721e-11 3.5929529688105395e-12 2.0289048825657418e-23 -5.738615540744634e-16 1.5566691062559726e-23 
0.0026100423342743234 2.1067906198052097e-06 1.002805242015316e-09 1.0488033223018972e-10 -1.4205208191691093e-20 1.956492980733051e-14 3.090501392502497e-20 
0.001193426059479573 3.0697314728472746e-07 6.579101184582494e-13 3.358968206566203e-12 1.8141996460063725e-24 9.165926705252686e-17 4.652121774293767e-24 
0.0012277722512945865 3.2602425925878804e-07 5.664091638279897e-13 1.883411916560481e-13 -5.313799179007264e-26 1.0439561506410777e-16 -3.099169674943332e-26 
0.0012748472878300117 6.025975104840098e-07 3.218503833345301e-11 1.2969465563436853e-11 2.0494506590659236e-22 8.98842002075023e-15 -1.6796119580584814e-22 
0.002579671634896392 6.383096891299139e-07 3.754146406401272e-11 2.9520546017066587e-10 2.4191350754004486e-20 2.4578352457307376e-14 -1.9508260775266218e-20 
0.0035697736619260114 6.546090541369846e-06 6.128267114076059e-09 8.624065346273277e-09 6.248988371250151e-17 2.1867713934353163e-11 -5.074422704696171e-18 
0.0010442581294258491 1.547497485141432e-07 2.71938027224902e-11 1.2035613525825573e-11 -1.4796066082929436e-22 -1.5561388665139458e-16 -1.5974402858123732e-22 
0.0010990507171217767 4.0900194616237737e-07 4.001233126877339e-12 6.778198076679573e-12 -1.3191494650544368e-23 -1.2718319263282194e-15 -3.27419880233217e-23 
0.0013647682979559578 6.895800437590085e-07 2.2446454592297575e-10 2.492252623226655e-10 5.717653154698578e-20 2.0659943368625135e-13 1.4338662692884737e-20 
0.0020856529472342423 9.903266323267806e-07 4.738789814710319e-10 3.5248299495783996e-10 5.303019240058175e-20 3.115823441678213e-13 -1.339434575650113e-19 
0.0009839503954550655 3.4473774506558394e-07 3.818105915833044e-12 6.10397547099153e-13 1.9856239828948678e-25 1.8430083338054583e-16 9.104427403180048e-25 
0.0015363329274188206 9.999241133003997e-07 1.727859939226939e-11 3.044676426217267e-12 1.9497384243830275e-23 2.622854102543224e-15 -1.0369602985169851e-23 
0.0017147892315117802 1.025439567170806e-06 5.846780542765908e-11 7.781850427809533e-11 3.2707760842887216e-21 6.548012082494487e-14 4.105460288421979e-21 
0.0015015406315961603 9.750673305265998e-07 1.130510604614166e-11 1.0763176878917183e-11 1.177169397128452e-22 9.337395282929201e-15 -1.5450825276931514e-23 
0.0013908884261092385 5.725338841436009e-07 1.8034145138054376e-11 3.7263868425619206e-13 4.252736451510101e-25 4.9323954400242535e-18 -8.67357671353431e-25 
0.0012278483016807005 2.2997205907242544e-07 1.2925952966773786e-10 2.8174101964910266e-11 6.87300473992252e-23 6.813769090713507e-15 -1.6988353002439707e-21 
0.001762655768952293 8.141583821142618e-07 4.987256628919777e-10 7.769409818672575e-11 7.253954951694426e-21 5.0765865987081987e-14 -1.3463942944841669e-20 
0.0018699033418393025 4.991536247631483e-07 6.598379982944589e-10 3.5574939210214047e-10 1.7213524455066157e-19 2.5133943006634593e-13 -8.787022703480023e-21 
0.001051411933270798 1.9638887154726564e-07 3.4905489582491704e-13 6.818674454122709e-13 2.2838454224872754e-25 1.7699687511890954e-17 -2.4187031477638507e-25 
0.001271490183256893 7.71863015261624e-07 6.039539637471269e-11 3.652078448644774e-11 1.713758942722545e-21 3.143897232230712e-14 7.003357862154818e-23 
0.0012640414651334687 1.4247699950829474e-07 8.407797943946213e-12 2.8586138174122705e-12 -8.861579267710368e-24 -4.21809516216609e-16 1.0857057192567776e-23 
0.0018576868244346433 1.2570749893671594e-06 2.0125228725064785e-11 2.299497305621358e-11 -4.9110531928073315e-22 -2.5747546668985593e-14 -5.931866586655329e-23 
0.0015789434367569145 4.978650468875134e-07 6.863907684480227e-11 1.8527433740378846e-10 2.0484368898131407e-20 1.222724596928342e-13 -4.113853644766918e-21 
0.0013473172967427933 5.329033751000687e-07 1.1221444485210045e-10 3.04513003216883e-11 1.5946266705211016e-21 1.7887421835712365e-14 7.91048400675128e-22 
0.001609515054552569 8.38621774459232e-07 6.36831854851722e-11 4.3266187232203594e-11 -1.4882124332157447e-21 1.4019624926326156e-14 -1.7155456504961306e-21 
0.0027274248586918793 2.3131254426893227e-06 3.612839391838954e-11 1.715709282181319e-10 7.395303539537872e-22 -1.7587675107571615e-13 1.3487704521653048e-20 
0.0016318136714618416 9.687474033558384e-07 2.588291584801033e-10 4.854326979812794e-11 2.9484633906838302e-21 3.67937313672231e-14 -4.5731787853238446e-21 
0.0011451597248818798 1.43189443342429e-07 2.383379967544466e-11 4.937373350498204e-12 -3.0723481378590333e-23 1.6106721958835556e-15 -4.387187764351774e-23 
0.0016432771540811262 9.787277148020189e-07 1.0694946214043758e-10 2.7968799287853072e-11 -1.4286633150705748e-21 -1.835582610337138e-14 -5.466590162321195e-22 
0.0018802653720679707 1.17393684699597e-06 8.646320097321396e-11 9.262166505424145e-11 -6.960816672735974e-21 -5.3537234324720125e-14 -4.499886762311232e-21 
0.002214493499696318 2.9025784378667108e-06 4.160222571706578e-13 2.414630389343686e-12 -2.2546475087846372e-24 4.0817415559829495e-15 -8.794740683606666e-25 
0.0014509791549115075 6.121618999311021e-07 5.33695853815979e-12 2.972659295579318e-11 -3.694393635132379e-22 1.1255924693061475e-14 -6.089741907748281e-23 
0.0023994926110733096 2.711332069932569e-06 1.3892109699105662e-11 8.807510153937026e-11 2.746220771142907e-21 -1.4393724730033788e-14 -1.3962859060682066e-21 
0.0017157736339812222 5.866532580170204e-07 5.891461735303764e-11 1.214080019856033e-10 9.449900667830097e-21 2.6272481180646673e-14 -4.0161635081408314e-21 
0.0013561179140460875 4.6112664885337385e-07 2.0881148043034684e-10 5.9895875582518e-11 -7.553629660844488e-22 1.5083655831578208e-14 -6.655696522093738e-21 
0.001248435146650214 5.808501511976444e-07 1.481193792586218e-11 8.632611743147677e-12 9.018915331997669e-23 6.5265325439129255e-15 3.7345992518211676e-23 
0.001416380248511854 6.532711721870472e-07 1.666382181513924e-10 1.0855988828659864e-10 1.0047936372767785e-20 7.687157143640942e-14 -1.0594187219867981e-20 
0.0015140861511176865 6.956589231392023e-07 8.905037415072774e-11 1.9071970018690778e-11 8.187358843456992e-23 -9.079615002148711e-17 7.817035607896152e-22 
0.0015221549720326158 3.80111591628654e-07 1.4797614019390006e-10 3.968049272220819e-11 5.114227664278674e-22 1.3493951778398016e-14 2.997296491424605e-21 
0.0025830688397278515 3.116157140526219e-06 7.069473441099876e-10 1.3012674176106606e-09 1.088164116156718e-18 2.28795044361529e-12 6.112358865480971e-19 
0.0010332142005695646 3.9632719106252874e-07 1.6747709694294412e-11 6.721253899515552e-12 6.177218827304247e-24 -6.456933970031392e-16 7.10423954258588e-23 
0.0027906552295500053 6.0868064421798736e-06 2.6783976977942995e-10 2.7787279141367825e-10 7.556403230090853e-20 6.793252530832212e-13 -6.0585216258502306e-21 
0.0020078088743138403 2.2903895790121923e-06 1.5820346057142964e-10 4.938549459911218e-11 4.3617595402465096e-21 6.812110728178677e-14 -1.7402301951244193e-22 
0.001608874108321692 3.716728547640638e-07 4.9851076165320325e-11 4.036923598033869e-11 1.40430635854217e-21 6.1486881160449446e-15 1.1434873427200639e-21 
0.0022015331561759076 6.34254601076563e-07 9.017812314986206e-12 4.939180032144749e-11 -3.3862935094320624e-22 2.7696700928965883e-14 9.858601861811983e-22 
0.0013453992656491853 1.3209755258203748e-07 3.97993952469511e-11 3.3225163856257095e-12 2.8952991736808197e-24 1.1657723954483548e-15 -3.809678687307424e-23 
0.0013170316733151623 7.101303956160663e-07 2.6695412121689086e-11 3.0893348319661896e-11 6.186509960524234e-22 2.3185379728593752e-14 -6.359040453085618e-22 
0.0017401089192595734 6.272383692334837e-07 2.0147555130897157e-11 3.3261910442860565e-11 2.875656984304471e-22 2.079765615403276e-14 -8.116189559471877e-22 
0.0015912728434027894 3.5328600887074164e-07 6.152847416417398e-11 3.05460501290065e-11 9.313838454065952e-22 -9.013247335805044e-15 9.413648051348577e-22 
0.0013609423493546203 2.417835718056299e-07 4.37726335977339e-11 6.653720180871634e-12 5.65810918385304e-23 1.1897981216824948e-15 9.845219989536478e-23 
0.002500926430186835 1.3748337425091584e-06 5.510787109279056e-10 1.5141962474539288e-11 1.590455358413859e-22 -1.301416361357884e-14 1.3740099901022016e-21 
0.001840669450950031 1.1557807642143843e-07 4.521472771958445e-11 1.3573254397016807e-10 -2.2445375911174357e-21 -3.319450929845185e-14 1.0393652590832474e-20 
0.0013393533815517023 5.9580339035132154e-08 1.0849996722084703e-11 3.478191164618028e-12 1.938519166056299e-23 -6.81116567212462e-16 8.986992206654475e-24 
0.0015856042376463002 2.4642731386110726e-07 3.798058772844178e-12 9.071316223936867e-11 1.0444864775119484e-21 9.172751822869857e-15 1.320672381307392e-21 
0.0012495092927360023 3.391627794647466e-07 4.858475421356187e-11 3.42458858658563e-12 -4.247822676941884e-23 -1.2720752228102484e-15 -1.2120460119657895e-23 
0.0021131090419922506 8.196431523764295e-07 1.1731259525624749e-10 8.297448851926244e-11 8.05298971202138e-21 5.125967864697095e-14 -1.4715094432143583e-21 
0.0019360469468637789 4.98194842272192e-07 6.774575211498116e-11 4.640682184780292e-10 -7.294624618070587e-21 1.5478265793034258e-13 -8.195971311162565e-20 
0.001758994447624718 2.778319458611947e-07 5.375842039250518e-11 2.6240316490406172e-11 8.380310994306911e-22 1.654134618082315e-15 -5.186565196514131e-22 
0.0013178181832698703 4.090736456160181e-08 6.7556004182044514e-12 1.5471500403385936e-13 8.580974056770121e-27 -2.8937247385827444e-17 1.5793943784582648e-25 
0.0014597219350719478 1.5778715235979485e-07 1.834858487168752e-12 3.208226824970351e-11 8.754879831368363e-23 -8.772756200212006e-15 -2.3005382901593415e-22 
0.0012338566446644444 5.384954792954161e-08 7.022659899294108e-11 2.7943410038268745e-12 1.2816171676406818e-23 3.155911816501518e-16 -3.6986913788559177e-23 
0.001684415121725898 1.1998385227413852e-07 2.6416278626812848e-11 2.289427526966702e-11 -1.2865565899664445e-22 -7.542575241849256e-15 5.481265063254396e-22 
0.0013046984658340425 3.4252011720533177e-07 1.3531805852473956e-10 2.6487190871497296e-11 1.3573286172292508e-21 1.406011607049021e-14 8.198947927942202e-22 
0.0011036158839033013 6.748563537352816e-09 1.7648460069848344e-11 9.437524849468437e-13 1.1810793489223681e-24 -7.283174867852632e-17 3.666037729180614e-24 
0.0015858068206819327 7.141145944073678e-07 1.7514329851781094e-11 3.4716102185491765e-11 8.1470987227051e-22 1.7878763665790113e-14 2.627725381818542e-22 
0.0010025942671073383 3.5873787781233485e-08 2.136582661288963e-12 2.1029402098583007e-13 -8.275778160972957e-26 -2.0965993142210947e-17 1.1411077471320556e-25 
0.0010996451150980836 6.571716853489873e-08 1.3233701015045578e-11 1.160740013426649e-11 1.4374139732046596e-23 1.6630635624407203e-15 1.4314109530119048e-22 
0.0011949149516659102 1.1571389904459195e-07 3.478842067903363e-11 5.917127909377552e-12 2.020364840821096e-23 1.5763276271048996e-15 -8.245622704010695e-23 
0.002572741691128337 1.579468898350656e-06 5.4207234021939155e-11 5.936884164204685e-10 1.835404100977549e-20 6.066442001675856e-13 -1.0491072804191657e-19 
0.0017439183025835274 4.2650671360741274e-07 7.39711653901479e-11 2.535293814719995e-11 -5.761062537270612e-22 -1.3766934612966802e-14 -9.346370687518805e-22 
0.0017682800553213455 1.4883471648816791e-06 2.690230597275488e-11 3.878916782015899e-12 3.4041076692217836e-23 -3.844011808877944e-16 2.028008610867838e-23 
0.0016254530462865096 3.640079831474456e-07 5.846026535281072e-10 1.6224487091499716e-10 4.8754383661707774e-20 9.353503545115191e-14 1.0943140628334467e-20 
0.0010949108910748044 2.0801400158784152e-08 2.942350094040232e-12 1.587603516232479e-11 1.0809504366136877e-22 1.4851893295504545e-15 -9.453351419792617e-24 
0.001546127840393165 2.9418430724779405e-07 9.680892709063304e-11 1.0873262215339578e-10 1.1113355567364116e-20 3.558303572983221e-14 -9.712640824508646e-22 
0.0015015579683284735 3.111954888920458e-07 1.1037113319174895e-11 4.3884289939121405e-12 2.2078003830776312e-23 1.331742219695518e-15 2.1103299996233608e-23 
0.002829876125036662 2.794462112371588e-06 1.089977955050873e-10 1.3035495255635368e-10 1.5130423767022248e-20 2.1766802987317395e-13 -3.536287410822637e-21 
0.00228607633106612 2.292904858500032e-06 9.99510441590806e-11 4.337868294187525e-10 8.993279914426071e-20 6.49647852972051e-13 8.408703318283671e-21 
0.0010998265808575794 1.5953601795127275e-07 3.733935565061159e-11 6.4574486472610105e-12 9.463456354107604e-23 1.8907198484119115e-15 -3.3144379803891236e-23 
0.001837865860557277 4.470123512417267e-07 8.376950477312994e-11 1.0906910282450177e-12 -1.2543380567071325e-24 7.038480153609889e-16 1.0349735834210741e-23 
0.0010552782170752653 1.3653843020793874e-08 8.48293963462494e-12 1.0157974832399971e-11 7.390244058584064e-23 -6.114748591997568e-18 -5.856432927084995e-23 
0.0013579247864968684 2.9707762833786046e-07 3.8378872492558786e-11 3.734136179624961e-11 1.3086717771807656e-21 1.9174939875762715e-14 -5.344972299455434e-22 
0.0014229482259057774 7.259894218900894e-07 4.45724960080992e-11 4.440170841487732e-11 1.9751505164431573e-21 3.7401388832822495e-14 2.4276498652974026e-23 
0.0013868927659095329 2.317138673919001e-07 2.382399712269767e-11 5.270880222292916e-12 5.0316834711541525e-23 2.4138397075642115e-15 3.0934118941714864e-23 
0.0015520502744662524 3.506615246485587e-07 1.7516410816399873e-10 1.1183165361438647e-10 1.093988206231771e-20 5.0762326300615795e-14 -1.1193922732847367e-20 
0.0012740945236810915 1.199678423964548e-07 1.1434205859767173e-11 7.331005129822168e-11 -1.2232199805612067e-21 4.8453339994533386e-15 -1.7345752685233787e-21 
0.0015828439228243295 1.755735020798832e-07 1.9561107196728375e-10 6.122356370282125e-11 3.906513913799553e-21 7.144827736251655e-15 -5.443263013687939e-21 
0.0015241948529853265 3.877232529297999e-07 2.0092685125782806e-10 2.0901166869800844e-10 4.1422102518096825e-20 1.3014329724548144e-13 -1.0901559874108124e-20 
0.0013367750412889513 2.6954164421759524e-07 5.4183898292039594e-11 9.052134638595236e-12 1.1115620150462175e-22 3.634497457518206e-15 -1.6683760143532517e-22 
0.0013176335674200776 1.7002387520234485e-07 3.4346042142672725e-11 1.594565412970527e-11 3.147983343856208e-22 3.2336750024565577e-15 2.0038647298231076e-22 
0.0012290062822703203 2.2454188207479314e-07 5.48113208704494e-11 1.0649665401860033e-11 1.0923759668266376e-22 9.668021676435936e-16 2.3295969980220976e-22 
0.0012705301371584105 2.365181482700277e-07 9.0849793781187e-11 2.511318389066797e-11 -1.1190333322271453e-21 -1.0807356705641871e-14 4.320416340081973e-22 
0.0018137203104361982 9.110469598570587e-08 2.2675457219097255e-11 5.608224623321591e-11 6.562707460397973e-23 -1.6728945062847068e-14 -1.9988590771489607e-21 
0.001654715123249339 2.6974962413587705e-08 9.98761285111854e-11 1.0695855082261402e-11 1.3698755244988345e-22 -1.6369192746827782e-15 -3.2162840127650036e-22 
0.0013128518083119181 1.1258708625531838e-07 5.986074379915167e-11 5.11444341640479e-12 -5.074291356296114e-23 -1.712031600991939e-15 7.371159836305284e-23 
0.0018193931161809831 3.273001713520713e-07 1.8466205048160957e-10 6.98044419949981e-11 2.5309415841080768e-21 3.951962243048286e-14 7.510263055689408e-21 
0.0019003116657928321 1.127111555322238e-07 1.1950852494545877e-11 4.712540866536725e-11 -8.813566853221254e-22 -1.5690778205115232e-14 -6.884347681868744e-22 
0.001398905329316435 1.1012833794900748e-07 2.0640641359018042e-11 3.070476656796475e-11 -6.573073373995339e-22 -9.13615718097961e-15 -4.0675637545363246e-22 
0.0015278499080905593 2.3944488014316344e-07 6.27281717404039e-12 1.910742793218499e-12 1.0195627769792784e-24 -9.332209062991027e-16 -6.536029864586992e-24 
0.0013400560396269292 2.7352750657589394e-07 7.263109729544948e-11 4.194322234714995e-12 7.023883932030033e-23 2.192661435569881e-15 2.0635028551235486e-23 
0.002158706809272651 4.734766489888484e-07 5.645596950586408e-10 4.58147631213931e-10 1.9505207753401852e-19 1.4239451349389445e-13 -1.274577681815442e-19 
0.0012007094849723085 1.4589279889036115e-07 2.0223486238233304e-11 8.041963169033547e-12 -6.410201128750136e-23 -5.378014919246354e-16 -8.005718243559266e-23 
0.001391869475729429 1.5765803648968067e-07 3.995354568498937e-12 2.3229120382618237e-11 -1.498491094170704e-22 -3.90289978829219e-15 -1.66204725122091e-22 
0.0013142324218832111 3.6039591342803785e-07 6.330060753317653e-11 3.744881232027309e-11 1.2276480314152226e-21 1.891380502181506e-14 1.3480902402566437e-21 
0.0016252391611219638 8.774922361902883e-07 2.6899514226265844e-11 9.295756227103483e-12 1.3201231081454108e-22 1.1361197707220583e-16 6.46525789332921e-23 
0.0013481594625728613 5.353440788979026e-07 1.1254111452240373e-10 3.049108654829482e-11 1.6003031988036071e-21 1.792899068704435e-14 7.932955596244295e-22 
0.0011903770222883648 1.3585210458125666e-07 2.1474113100235282e-11 7.98395318920291e-12 -7.252290204169637e-23 -6.824709521687979e-16 -7.529372968831378e-23 
0.0012225858800189743 2.7718833286029806e-07 3.4443644919445834e-11 4.362121669360475e-12 -5.32306326893575e-23 -2.28492739395434e-15 5.042077181342962e-24 
0.0012944189505301382 3.607071592397553e-07 8.770408325803956e-12 1.055587933278954e-11 9.976835527235713e-23 1.4543073982741723e-15 -1.9028370164096937e-23 
0.0013870498778989348 7.290112937458688e-07 3.165093330246956e-12 9.444352592196808e-13 -8.000495076142678e-25 2.529220567255658e-16 -1.4234410682594501e-24 
0.0010986622632032212 1.3018796160467204e-07 2.7625862063952682e-11 7.83392233957085e-12 7.697100790533124e-24 1.5390613173631716e-15 -1.1498892715098868e-22 
0.0015345784091360423 1.357230299262152e-07 4.4021995873281716e-11 9.020267573447675e-11 -4.73637895825265e-21 -2.925586094663154e-14 3.142617888237583e-21 
0.001575922754754701 9.47496795543136e-08 6.506268533200636e-11 3.6660249472275185e-11 1.7499852429061437e-21 -1.0463389456614913e-14 -3.78440697268276e-22 
0.0015412439500492392 4.4454883892816336e-07 5.801922182349956e-10 1.0671330915587988e-10 2.6440534837582265e-20 7.104265165084871e-14 -2.4414527095105344e-21 
0.002977880093417946 4.304811999518426e-06 9.830232317613706e-10 8.881804461641689e-10 8.09460213186359e-19 1.8072975992245953e-12 1.8312113528521827e-19 
0.0014419818698344434 9.023680226312097e-07 8.965203048690674e-12 3.69461410387186e-12 9.580610546518409e-24 2.5967435687837767e-15 1.89827849674323e-23 
0.0012528173586709415 6.77758867665078e-07 6.656431680597878e-11 6.429489452843016e-11 4.0132732546479456e-21 5.2401995361943845e-14 1.259124253691494e-21 
0.0016065064999967163 1.1170910846009634e-06 3.144781077997653e-10 2.9145554348101247e-10 8.490372957921626e-20 3.077239399335218e-13 2.4025628414388175e-20 
0.0018938571241374125 1.0511496143839316e-06 4.1027639000974005e-10 3.346872881505319e-10 1.1500419364949642e-19 3.365749771490362e-13 -4.6426023534113885e-20 
0.0019607566777940415 1.7911670502163235e-06 3.283021774398485e-10 2.2297136479388643e-10 5.898685327878291e-20 2.95987290022993e-13 1.26442795862352e-20 
0.0013887281070123836 4.496931164666964e-07 2.9437815488923496e-10 7.333284305703183e-11 7.575639103165675e-21 3.9448990556442916e-14 -7.661682954618306e-21 
0.0017587548327778826 4.7428568396353783e-07 3.5683569889206685e-10 1.7644029899606747e-10 2.416276014417181e-20 9.891186333317753e-14 3.709698376444644e-20 
0.0014719592966696594 3.648328225532013e-07 3.7577673091533514e-11 6.203759779242249e-12 -4.709573556731819e-24 2.6122825548934977e-15 9.460409248212923e-23 
0.0020093652608439245 5.771014288577238e-07 1.5941971575790245e-10 4.026566622665777e-11 2.5050839533828945e-21 8.871185456913085e-15 -2.0327471712896755e-21 
0.0011054768718509764 7.547862313682772e-08 1.473339930235621e-11 3.4691467302946706e-12 -2.2644358770936385e-23 -1.138462768523935e-16 -1.0117744999836174e-23 
0.0010165479715732446 6.607635485182159e-09 9.374521710710719e-12 5.150954825643374e-12 -5.448104027268649e-24 -3.5975304836223554e-16 3.537661132882375e-23 
0.0025306901744258665 3.1412416824725985e-06 7.268036712667764e-10 1.1132234759661286e-09 9.69752359636787e-19 1.9576045762520217e-12 2.495287225596689e-19 
0.0017621198207420582 6.996757194779791e-07 8.484800243506259e-11 1.2595801096099357e-10 1.0819343128926712e-20 8.480016531973023e-14 7.245694922155264e-21 
0.0030127580185544053 4.428125990928569e-06 6.170579403223242e-10 8.56299365024755e-11 -1.9362786410889435e-20 -1.6336447015978408e-13 3.538507449197727e-21 
0.0018475122727483208 1.8029944811721674e-06 2.1930042156908847e-11 3.6169804074224714e-13 -8.213792175981643e-25 -4.846383669336006e-16 -6.025369704456788e-25 
0.0015378343180760653 6.372647719947145e-07 8.844396489161365e-12 2.2565067414439176e-11 -1.922127954991203e-22 9.543642280133668e-16 -2.5431081041459184e-22 
0.0014133847781602905 6.642176059512076e-07 5.859429757190774e-12 2.2247413826936554e-12 -6.799156845435407e-24 1.2623492122983459e-15 -4.2768453066295886e-24 
0.0031466931766201485 5.240996359535329e-06 7.294453853838242e-10 1.1834866951848855e-09 1.0565252176075492e-18 2.618130281378548e-12 3.048148543119974e-19 
0.002267488088513049 1.4344717746509409e-06 2.774142841436485e-10 3.679459870164419e-10 1.175413400082768e-19 4.034730008269482e-13 1.7815318148242638e-21 
0.0016555662365673363 7.927364823436402e-07 9.430896307990873e-11 7.176904566588577e-11 3.53186977647831e-21 5.681305294583258e-14 4.7316882865658685e-21 
0.0024904977874271737 2.470461566563418e-06 4.6324287808591885e-10 1.0295792991189903e-09 4.0342154891429833e-19 1.5416571441637388e-12 -5.855160474033148e-19 
0.0015099138502354687 8.969807108275685e-07 1.4842429771518593e-13 2.054107808940212e-12 3.365954207399727e-25 1.6725654659656526e-15 -1.0830972207195058e-24 
0.001228019448169481 5.203031938875442e-07 1.2075144636851002e-11 4.318512512163222e-12 2.3401220848624808e-23 1.6249160641318664e-15 -2.0612973634360556e-23 
0.001005502297590446 1.9324825530588608e-07 4.557285635269286e-12 3.431324558577732e-12 -5.7267926282252895e-24 3.2381181944131727e-16 -1.2301215168733875e-23 
0.0012367258750834295 3.5936082576331887e-07 1.4136875901008621e-10 1.1767187387392866e-10 1.492535711531919e-20 6.860273228573367e-14 -2.752239862994295e-21 
0.0016172893387060626 1.592043504956824e-06 4.761046094830037e-11 7.916697359571064e-11 4.859050125096726e-21 9.970957432544677e-14 -1.1226216265279242e-22 
0.0015196735438740292 6.009280067350144e-07 1.2286571916781917e-11 9.744250762666335e-12 -9.325154248424247e-23 -6.220794169837451e-15 5.1690820024013327e-23 
0.0017066214431161655 6.337779215267446e-07 1.5321156615364932e-11 7.770505340709975e-12 8.022579715591361e-23 -2.941634276796203e-15 -2.7428800464786244e-23 
0.0010650747975571367 3.71272585052872e-07 1.2804671173655623e-11 3.0581311490704233e-12 -1.8899899312382258e-23 -1.6482353624447791e-15 -3.0015544533551845e-24 
0.0012601455834957208 6.476061377979073e-07 4.968238755356996e-11 1.8416052366621978e-11 4.126653138542915e-22 1.333414375633549e-14 -3.741853853749039e-22 
0.0012761273436710933 4.221133782517177e-07 8.29370548137053e-11 3.5024373730009854e-11 9.49840184594199e-22 1.0721305625556631e-14 -1.631307445675538e-21 
0.0016411039311593262 5.664784768987707e-07 1.1037155321438868e-10 1.5134476268483665e-11 -9.036622229377253e-23 -9.265977824337018e-15 -6.119204304854918e-22 
0.003722541018606123 7.475244624122726e-06 6.740138210627754e-10 1.2709388373027377e-09 9.29046163066566e-19 3.227129324355906e-12 -7.215094049418015e-19 
0.0018785073261806259 1.1380926724996781e-06 1.9103777237102985e-10 4.214902092596916e-11 2.591170470392968e-21 4.495980722607852e-14 -2.755110382076036e-21 
0.0012416231458975248 4.7397755011325987e-07 1.0958479735894612e-11 1.0140758167090881e-11 9.629191794816959e-23 6.1439600283007444e-15 -4.6428860171207476e-23 
0.0012954304463314854 2.307870425167995e-07 1.893980211466364e-10 6.856891759341691e-11 3.743906273417723e-21 1.7039496258353352e-14 -6.85880738624191e-21 
0.0024337243313461297 2.2203247560597173e-06 3.8192029301028443e-10 3.423274493157894e-10 8.841957543433308e-20 4.980343589036466e-13 -8.662193430243187e-20 
0.003063255312893792 3.5549766306615734e-06 5.137106529398493e-11 6.974401682030616e-11 -3.0016285010910725e-21 1.0822380875368277e-13 2.9013619024632396e-21 
0.0025618201522294845 2.208763328111408e-06 1.0953856887353564e-10 1.2938690448911921e-10 -1.4440880663419217e-20 1.8034458986627256e-13 5.3598827917192016e-21 
0.0015928695945259242 9.29785333184882e-07 5.48653315476671e-11 3.4119535031183903e-12 7.18874443732738e-24 3.2827064494938604e-15 -4.612562505333536e-23 
0.0018097815375699344 7.464047954647706e-07 9.0919000192458e-11 2.028511760621094e-11 -8.462246959970269e-22 -1.3602602581918524e-14 -2.0690205767515624e-22 
0.004196021512543741 8.398277417723848e-06 7.18441579232496e-10 6.66791513116479e-10 3.9323646193346396e-19 8.715328782835614e-13 -2.4157044440403126e-19 
0.0017570098392070042 8.449689361136392e-07 8.90068317816811e-12 6.380101322883369e-11 8.057312810165367e-22 9.439589780277553e-15 -1.2893261377871807e-21 
0.0034342101325208147 1.0732364043242009e-06 2.6596196914605086e-10 1.5189095879315115e-10 -3.02015845738849e-21 -6.311475868285548e-16 -3.0378896475438053e-20 
0.0033990442511156785 3.990352873463538e-06 7.858615601075627e-10 6.11214483150954e-10 3.935660298837984e-19 1.2177043092331019e-12 1.5668107625838814e-19 
0.001228457840383788 6.465830948592193e-07 5.7094636152463495e-11 5.561409926803713e-11 2.9120454624317714e-21 4.4146842191864686e-14 1.1579563122832684e-21 
0.00113185486731408 4.3712592179982057e-07 2.3171314114152797e-11 2.0868522065980874e-11 3.72698965161592e-22 9.976495830914861e-15 2.6773057727065873e-22 
0.0018542695039763316 1.5316636661094072e-06 2.657250245025486e-10 8.60253137503784e-11 1.2217786908210573e-20 1.0604055434633918e-13 4.4599294500424004e-21 
0.001674707270044293 8.240223877190809e-07 1.2930272871543868e-10 8.21973806007666e-11 5.934461481522944e-22 4.786449608776578e-14 8.453240537399101e-21 
0.004494256546280668 1.1452846067723744e-05 4.821742189403589e-10 3.370087254525018e-10 1.2953391532262463e-19 1.1230349859734206e-12 -4.0945488411576e-20 
0.002004071882026109 1.6208674668023515e-06 2.289640179867089e-10 1.0398157834799259e-10 1.2069632875426706e-20 1.3226557688411101e-13 -1.0570738164870023e-20 
0.002775728191835046 3.2466067636586304e-06 3.0700775691603752e-09 5.66130403705461e-09 2.3409468949336058e-17 9.644863033670802e-12 -3.0087660137254542e-18 
0.0011645252697546707 6.571539881916226e-07 2.6567941597846924e-12 1.4560314704597068e-12 -1.3454059457445759e-24 8.775467999068634e-16 2.528032178943216e-24 
0.0014555324754991486 7.255503163038024e-07 1.4909251430757273e-10 1.388742158016718e-10 1.7343033528743022e-20 1.1273992350009846e-13 -9.926673786547224e-21 
0.002122061450394303 1.0415516420931455e-06 1.0680143737681389e-10 7.237046227148994e-12 -6.246533209794071e-23 7.307909886691852e-15 -1.912590013477176e-22 
0.0019379628338260372 1.3930303233117302e-06 9.025132942331826e-11 6.208228317728796e-12 5.2835987523377e-24 -2.1838763909987734e-15 1.4685794046034073e-22 
0.0018766027018044472 1.910066956985099e-06 7.127572803155558e-11 3.795801777529153e-11 1.921912980405795e-21 5.144495449219727e-14 -4.520440880136646e-22 
0.001617726566128542 8.361790500884889e-07 7.651769067065976e-11 9.28169485105468e-12 6.034348901170686e-23 3.852589183896326e-15 2.3988223582614842e-22 
0.0010677270427488562 2.7189548053699825e-07 1.5843196874304255e-11 8.98664240957916e-12 1.0467175258830039e-22 4.5153394735188164e-15 -2.328445131078507e-23 
0.001591410530792026 2.798109644314571e-07 1.505872938806561e-10 2.8061577112712895e-10 5.577064563675541e-20 1.0599165575658456e-13 -1.4737191776105014e-20 
0.0016371249135607733 8.485608105724319e-07 2.4695238207398066e-10 1.7402585852723083e-10 2.5576974274727242e-20 1.3218284593611025e-13 2.5443065076315928e-20 
