0.0017386324102853525 9.436694046656129e-07 6.396131390616096e-11 5.7565400218063966e-11 2.930896043662855e-21 5.4684873485144074e-14 -1.9002715502887036e-21 
0.0020300389941828346 1.5946347726246911e-06 5.690861215140002e-11 5.548422774381414e-11 3.1046241250983295e-21 6.04557454130815e-14 2.8594558974496886e-22 
0.0022324284879594947 1.1675399743864389e-06 4.4529035521741075e-11 7.457268268907417e-11 -8.69982168123451e-22 1.1098305335612227e-16 -4.20827113217548e-21 
0.0025036218773307516 2.2527383540887037e-07 1.4713120707023515e-10 1.61676658716708e-10 2.484047396250371e-20 7.169483355859996e-14 2.1783495190949923e-21 
0.0016350216367740345 9.227847594761096e-07 1.0104590176124528e-10 5.1141139236059494e-11 3.3912774108558664e-21 3.5648224332665745e-14 1.4193901847945759e-21 
0.0017154943990187656 2.432507880612434e-08 1.2607983906630184e-11 3.47548850720359e-11 -3.2355738642529807e-22 -2.2201716276755058e-16 -6.516134140370196e-22 
0.001410332792107647 1.1258727703546377e-07 5.537920813023044e-12 4.222548607284473e-11 -5.967397556221836e-22 3.857636798358201e-15 -2.466554885693511e-22 
0.0014256632280482328 2.217836807531011e-08 6.022655010831206e-12 1.1593792215373065e-11 -5.418506185050357e-24 -1.0890947083664216e-15 9.672793525339032e-23 
0.001293918256858025 1.7775989069573973e-07 8.378032088562113e-11 9.909125090755806e-11 -9.008788229746176e-21 2.328704187434981e-16 5.989075793237096e-22 
0.001716277442798302 5.564680242474474e-07 1.2662587834912002e-11 4.29597075157382e-11 9.01459986448249e-22 7.0902901958280604e-15 -4.37386323532621e-22 
0.0019480450822721611 9.16366462509206e-07 5.2196978987436554e-11 9.247330144240287e-12 9.741330047197462e-23 -1.6815928773480315e-16 1.7828726760372862e-22 
0.0013434724925386853 3.298118785004233e-08 5.91120994525914e-12 3.1702438792300383e-12 1.1809715393981544e-23 4.162460549965543e-16 -6.991119755410487e-24 
0.0033708241411982897 5.416472352902503e-06 6.894848830144883e-10 8.719077837205759e-10 6.018496391969491e-19 1.8302295159835323e-12 -3.078932962078827e-19 
0.0015437340086408974 1.8533303270711694e-07 1.8339727572576506e-10 2.5737934937999828e-11 1.1107528933120273e-21 8.511517607004892e-15 -1.375909841987845e-21 
0.0015817204868564514 3.6814947916821464e-07 3.546829399368076e-10 1.9292020346087036e-10 5.0102038896387176e-20 1.1692137063904475e-13 -6.0382250518520634e-21 
0.0015085596292947544 8.158090166846172e-08 3.142729882969455e-10 8.497433667620741e-11 -1.310455037891468e-20 -8.629100873137689e-15 4.59335345150802e-21 
0.002132766058242941 1.6551301940168611e-06 8.46695252657354e-11 7.415812295503948e-11 1.7011739977915583e-21 -6.314781080466469e-15 -5.624637083077743e-21 
0.0017813640104880715 1.1432251985746617e-06 9.234556328132308e-11 1.3918587036400224e-10 5.0654777974794626e-21 9.958681148096981e-14 1.4944636478737237e-20 
0.0018666053472144325 4.963386739488124e-07 3.731532845319478e-11 3.362852929221202e-11 -1.0977373275424428e-21 -2.3594081457285537e-14 4.626725303408849e-22 
0.002534230544820228 2.782387759173163e-06 2.1944244445013702e-10 1.6096301416222304e-10 1.9974391524498296e-20 3.3649357260796206e-14 2.2719763803567132e-20 
0.001808375007699538 5.088211201164234e-09 9.163180378585212e-11 5.133604083151478e-11 1.1788435083497279e-21 -3.2598310082035237e-15 3.317715359061269e-21 
0.0018272207824788663 1.1107462561810208e-06 5.7142816516266355e-11 1.02758718170611e-11 2.305448905749399e-22 8.474385714053712e-15 -9.408912546097841e-23 
0.0016046153205956152 4.2734373854921354e-07 5.006688932106406e-11 4.056853095610561e-12 -2.7677608919151266e-23 -1.4246984377783823e-15 5.0762308928246905e-23 
0.0020610934969215997 1.696061226062593e-06 5.589833942125791e-10 2.2359859251028966e-10 7.798120875641676e-20 2.881740359019314e-13 1.2956367391681468e-20 
0.0022296205261444885 2.6559444761036457e-06 9.99851718360439e-11 8.491554668232985e-12 1.4799790589100398e-22 4.8140945946370625e-15 1.9828557655823238e-22 
0.0016390663023426618 4.682066428938478e-07 3.324350033072282e-11 9.350827370949935e-12 1.0252113315741484e-22 -6.366814963593484e-15 -1.29111893804191e-22 
0.0019054754224752239 4.447798919672481e-07 3.905945994620897e-11 2.3798611741815496e-11 2.9461595991154386e-22 1.3255580140549804e-14 6.630840823571281e-22 
0.0016378336585741314 5.1682528504809047e-08 1.3828136705977166e-10 9.393476950165445e-11 -1.070585421129347e-20 -6.6740565708637515e-15 -6.000404819668182e-24 
0.002011385542485851 8.874559949714593e-07 1.2686365885920912e-10 2.5016407110944124e-10 4.424317750071827e-20 2.184844130545642e-13 -5.356419062626617e-21 
0.0013303893378579955 1.6743541463904034e-07 3.654746818794167e-11 3.108020053967597e-11 5.44925755612918e-22 -9.607381832900541e-15 -8.94602629638021e-22 
0.001978406495527587 8.806747572458224e-07 6.456666004392143e-11 4.906897545506122e-11 5.1483153793567074e-23 7.683325024947199e-15 2.761462713184165e-21 
0.0013171959332048434 1.1093288777047647e-07 4.304553673404622e-11 4.096423147171336e-11 -1.5022837864519974e-21 7.583116689086269e-16 -8.379302181864122e-22 
0.0018089176817965263 1.4056184021544577e-06 3.0643740132952977e-11 1.1543029161533656e-11 5.373472136574194e-23 9.07221979364773e-16 -2.1034015850117613e-22 
0.0024014894417546655 3.204757079594651e-06 5.6833934369511346e-11 2.1856387503572236e-11 7.498845110405274e-22 3.600719592841934e-14 -1.7625785846206808e-22 
0.0009980819093264389 6.525465054830834e-08 7.626148282450394e-13 7.537980901251428e-13 4.581129294202423e-25 -1.67015759601332e-16 3.417210537077949e-25 
0.002279516691615059 3.145979553690637e-07 4.977483984212943e-11 3.3894064166231015e-10 1.52930309911937e-20 1.0671867441357113e-13 4.1282488691752454e-20 
0.003270676705641954 3.420185687207415e-07 3.230965592530305e-10 2.3200537846600648e-10 -6.349861771303888e-20 -1.0203839575646282e-13 1.6634815476073771e-21 
0.001629788069164728 6.21357025709582e-08 2.0294633326833485e-11 4.218484609703972e-11 1.1767039831471183e-21 7.406371198783127e-15 3.726880102929388e-22 
0.0029414988391948554 5.893518398606339e-06 9.415908911553098e-10 1.0679412804722147e-09 1.061645277526317e-18 2.5913636837669554e-12 -1.4054667795344758e-19 
0.00161192289738552 7.582986089569628e-07 1.7672767956319738e-10 1.8383195694282438e-10 1.6296189096712985e-20 1.2398278591745848e-13 2.8850414371406e-20 
0.002115969412720655 9.037243320932766e-07 4.1665766322951254e-12 1.0748366401544878e-10 -1.4304255284763772e-21 1.9093061983581865e-14 -1.768515920984845e-21 
0.0013699937368745715 9.176407532844917e-07 7.504891685958497e-11 4.8820195254790837e-11 2.934091224548692e-21 4.641664438090817e-14 -3.517052245264363e-22 
0.005044427440816527 1.8727559669794384e-05 1.6695034325843865e-10 5.523196974082533e-11 2.8251284821236772e-21 3.9963973292422614e-14 -4.4886465892756096e-21 
0.0015736958468212765 4.773096106253419e-08 3.038103520235518e-11 4.06269132938802e-12 3.998510693061602e-23 4.686920741492826e-16 -2.0938957115850443e-23 
0.0016637537876679133 7.274728202708031e-07 2.058763429024913e-10 1.4248741952124332e-10 2.3235858644703945e-20 1.1109243462938263e-13 -7.461183254715968e-21 
0.001820725730134556 1.0617578030901265e-06 8.316327697492415e-11 1.580633690205688e-11 -2.0809021900179227e-23 -2.3975612027683236e-15 5.726986408682926e-22 
0.0032161215221881423 7.836128603661223e-06 3.4752552482490673e-11 6.365787547302699e-12 7.807187540236577e-23 9.672265552603063e-15 -5.356896831471131e-23 
0.0017033735845006944 7.45935229454949e-07 1.3442012129621115e-10 3.41914283430203e-10 7.326769639384862e-20 2.830787912266755e-13 -2.198736597285847e-21 
0.0017514354126064858 2.7547346436700067e-07 3.072595766147668e-10 5.439855119155656e-10 2.2162034096302686e-19 2.4561501787257026e-13 1.859948718656907e-20 
0.001454845470339864 1.3051414205121107e-08 9.839540722299573e-12 1.8040376277777435e-11 2.1115981968040013e-22 1.5488202381441775e-15 -1.148161964844773e-22 
0.002241487229117688 1.2610266680891272e-06 1.4157435598780765e-11 2.4288187491484187e-11 3.3949605248677276e-22 2.349758153946234e-14 2.9595616164801665e-22 
0.0028682211086108016 5.518341365045893e-06 2.725590339114474e-11 4.615565315999517e-11 1.5970501062087823e-21 7.146045297564384e-14 3.5976935102817257e-22 
0.0022281904990965763 3.2303497865833137e-06 2.225024663959915e-11 3.7464589513316125e-12 2.76256689307479e-23 2.8469816110856017e-15 -2.0170634207865703e-23 
0.001777841174259239 1.060206261033039e-06 5.237453223201167e-11 4.874682229142143e-11 2.3849856268827222e-21 4.994631659391919e-14 6.153334967278049e-22 
0.002901950362908442 3.3146050157470776e-06 9.34031349652494e-11 9.786866078862961e-13 4.418361063977576e-24 1.5274239467222862e-15 8.24835688819329e-24 
0.001688785315910557 2.1198861576468603e-08 2.8823162169362277e-11 2.8629102099047267e-11 4.824847703981154e-22 -3.495114293782803e-15 6.659940182374409e-22 
0.0017307921051410258 7.017041676970829e-07 8.829533304617954e-11 2.1480764254156386e-10 2.93198850347862e-20 1.7993308952353322e-13 -3.9374211942635444e-21 
0.0016364449324099254 6.321018479798375e-07 9.367745719408127e-12 1.8671552588604983e-11 -1.1202508142047693e-22 -1.3754893823221508e-14 2.200655184912063e-22 
0.0012570915444310956 3.2810856440445227e-07 1.7546550456309967e-11 6.732030842436411e-13 6.649928460400119e-25 -6.847565346482178e-18 -2.2161202087776656e-24 
0.0013890366488483867 5.711451466973671e-07 4.169983691472618e-11 2.8873646406267497e-11 1.001767620863436e-21 2.1772674969186648e-14 1.5597959117736405e-23 
0.0028466923041568803 9.363863634784974e-07 3.7263054716368516e-10 1.1765030319423896e-11 -7.755202895271163e-22 2.212159408007874e-15 7.338320758180163e-23 
0.001532945187924908 2.979002555530931e-07 4.295983953921426e-11 3.430819309134568e-11 1.0350617428897915e-21 1.818408701887604e-14 -8.145392857317039e-22 
0.002303179079383245 2.116336066482987e-06 3.017244744761728e-10 1.1608707401873586e-10 6.757021389164118e-21 5.4995407871119495e-14 2.0648596714728062e-20 
0.0015861885418430237 2.562203780513422e-07 1.2443989464680914e-10 1.3117849264072753e-10 1.1253931885010135e-20 5.632768342683157e-14 -1.2419593520072126e-20 
0.001408701702615295 5.919277404788459e-08 9.093432519015248e-11 1.5469028104960544e-11 4.474446016899061e-22 3.229770082337508e-15 3.6931763533557733e-22 
0.002205324837612742 2.1329961544288125e-06 8.588106865782928e-12 7.0192273652168e-12 -1.2549558161230815e-23 6.632791702254627e-15 5.30336647801712e-23 
0.003738577387442654 1.1604213547583035e-05 1.8828498110458844e-09 1.8282532953697208e-09 3.392046117770042e-18 6.2226923206611684e-12 5.817331009834361e-21 
0.0022344579151262712 1.9257888890965326e-06 1.8219501042221417e-11 1.925198718508035e-11 2.667879857776877e-22 2.6457134846955282e-14 2.4254917693623437e-22 
0.002184344788501033 2.294741756218404e-06 3.2463402444063848e-12 4.980119240387182e-12 -2.0020815545710585e-23 -6.090340904555452e-15 3.717770189656015e-25 
0.001703023259037585 8.876047491968247e-10 2.377503581520236e-11 3.2720576078792134e-11 -5.379682969505736e-22 -7.813406752684202e-16 7.372062958756292e-22 
0.0022052274318774684 8.79664852092515e-07 7.918282125376468e-11 5.7624128889708057e-11 -3.8924233817407706e-21 -4.078176104979731e-14 -1.1732301738706707e-23 
0.0015748198192517895 4.416699566949937e-07 2.429611086879956e-11 9.696650233774086e-12 1.448444592184174e-22 1.4857797837419533e-15 -3.422750432951983e-23 
0.001637839527965884 8.132643568505572e-07 1.6338611391826207e-11 2.1762359477605432e-11 2.8220520393546277e-22 1.9611787102886443e-14 -2.979206797865207e-22 
0.002504770087318107 2.9920747726177874e-06 2.1644295597115953e-10 1.1780429681526458e-10 1.879782469008704e-20 1.88236336562149e-13 -7.057055066658362e-22 
0.0023199583583911223 2.5911044468697206e-06 2.994059231718829e-10 2.466121138101713e-10 5.111503164362478e-20 2.6369483970249033e-13 4.333411598781158e-20 
0.0033197182959165475 7.623442728951696e-06 2.6721481163545185e-10 1.3985569360411917e-10 2.0460923119117665e-20 3.537776262783792e-13 -1.7672663329055303e-20 
0.001849263226617425 8.029042717823116e-07 5.926834082563836e-11 8.23540079990338e-11 5.729961862342785e-21 7.039099203969741e-14 5.208373722484675e-22 
0.001682110611601999 8.10409046826074e-07 3.7643994323709336e-11 6.07788826338422e-11 1.4973689578274449e-21 3.752736844015745e-14 -2.4919422483633e-21 
0.0017488585691898722 5.452306807397272e-08 1.1132389358824717e-10 3.354047393425934e-11 -2.0093854084634175e-21 3.2900351975575673e-15 4.0351178459781946e-22 
0.001819787250418092 2.8820703884165663e-07 3.4413123461886946e-11 1.3536054373477085e-11 -1.6179433660047989e-22 -7.154318675573537e-15 -2.432528955579804e-22 
0.0028622183169683094 5.088772694566769e-06 3.780659428145533e-10 4.5652994049273367e-10 1.878297636640901e-19 1.017096693571266e-12 -2.6322456484536203e-20 
0.0013477154704714545 2.9240929091177176e-07 3.371105614746542e-12 5.952481626095746e-11 5.393704770243237e-22 3.168834333520087e-14 -6.481315400396533e-22 
0.0014215612030061416 8.364994529643014e-08 4.504497168373484e-11 5.87731946048467e-11 -3.0226768622986194e-21 1.8431229553179024e-15 9.184293365322517e-23 
0.0014870863069005019 2.574023086423266e-07 4.2960090332084517e-11 6.314923694584113e-11 -2.9622722225008905e-21 5.783286867063983e-15 -1.4295119835605427e-21 
0.003223048086844863 7.1886121004358835e-06 5.338682740624943e-10 5.716238202930078e-10 3.1548012040802575e-19 1.517942023495888e-12 -1.3723839484949726e-20 
0.0018636575999499993 1.5866399380436345e-06 1.0328257342083644e-11 2.1898340833407122e-12 -5.894940268499709e-24 -2.5777311453814395e-15 8.585304444858372e-24 
0.001505131192608371 5.722599728575669e-07 3.439764783619437e-11 5.3104627614178624e-11 6.842585155920879e-22 3.4067010295221547e-14 -2.1640695716745956e-21 
0.0030960927427370354 5.251502319283087e-06 1.6324465737628695e-09 1.7732387297313926e-09 2.9919223796998618e-18 4.031516708825753e-12 -3.8791686378042844e-19 
0.0015936066533756494 4.201082749472971e-07 2.1415421890517314e-11 3.511466609339132e-11 5.984300001564453e-22 1.8502730955377004e-14 -7.544015906486494e-22 
0.0016898914612354773 5.20530467239763e-07 1.1163104615464038e-10 6.846264906236442e-11 5.70702881024292e-21 4.710624979550866e-14 -1.8031954925587666e-21 
0.002296096510779867 8.774298717409576e-07 3.3497812107610497e-10 3.068178000534689e-11 3.109268929944569e-21 2.0786424718883878e-14 -8.720903073601512e-23 
0.0032716641294059418 4.35181226547823e-06 3.1195186108499486e-09 1.227611536478159e-09 2.0072854845664054e-18 2.5052814833281696e-12 -1.3198722079757601e-18 
0.002249075214501544 4.909957485561841e-07 2.0107417381862492e-11 3.5322510422920513e-10 -2.0876449414401483e-20 6.82860033946385e-14 2.1221015171962435e-20 
0.002224387647003462 2.092843451945285e-06 6.736076767327345e-11 1.8941567107651554e-10 1.8757864208699753e-20 2.732684791449212e-13 -1.029176139827137e-20 
0.004106682094917934 1.256235077650135e-05 1.1410600584400533e-10 3.0704777555645994e-11 1.184227070281103e-21 1.0853455897535383e-13 -1.3786738544622208e-21 
0.003108906292860253 4.890609013694168e-06 3.147674772273463e-11 3.469518777863627e-11 1.08566974494782e-21 7.651958839809684e-14 3.6869115634769025e-22 
0.002179174910223576 1.3206222758004596e-06 3.42445999212134e-10 2.6154322468306317e-10 3.773807977588844e-20 1.6899044310922545e-13 -6.857462757577189e-20 
0.0032883465007399735 1.166856944248128e-06 7.075480365459612e-10 5.112980125859146e-11 2.46613477547956e-21 -3.681353173779709e-14 -9.407103259335775e-21 
0.001904640355261234 6.654613651079859e-07 1.228904037197807e-10 7.958381754486736e-12 1.5774170802791912e-22 5.350423274216767e-15 1.9251119239927184e-22 
0.002352427594928746 2.571653153890205e-06 7.732904188410283e-10 1.1208530525525148e-09 8.962675651505216e-19 1.575718084269389e-12 -5.344213010783421e-19 
0.0016767213936957404 5.123491006295977e-07 2.8607790528836698e-11 5.358752232765337e-13 -4.431552063771516e-25 -2.3376956392767216e-16 -2.0508217927946113e-24 
0.004000971365466837 9.068069708178447e-06 4.5106445883783695e-09 3.966807141207848e-09 1.6561447917311942e-17 1.172729991255907e-11 2.6967666946991486e-18 
0.002244757715674225 9.170323667686893e-07 6.784272493564504e-10 6.133891256552403e-10 2.194980239345216e-19 4.874186206402086e-13 3.2922891826321774e-19 
0.002576458452763531 2.0426539118914354e-06 2.559142796822669e-10 3.062501209974607e-11 1.5904424630461063e-21 2.1166844464924912e-14 -2.1957007647045954e-21 
0.0018554839960263038 2.141449562835274e-07 3.2776603468482025e-12 5.5961064027280107e-11 -4.032769159761283e-22 -1.1663060529019368e-14 -6.416989360691774e-22 
0.0019765101373890375 1.6068284659544412e-06 5.896886137180181e-11 1.2213359918827353e-10 1.0348463611905689e-20 1.5372826227280104e-13 -5.830542427896218e-22 
0.0030781931392077706 3.220423467264141e-06 1.0714005648673688e-09 3.318857226209762e-10 1.387152434453778e-19 4.2517247119773987e-13 1.4115535866095738e-19 
0.002678823206348111 1.0241674147320862e-06 1.037578999903468e-09 1.6840003890062559e-09 1.6838880093185797e-18 1.3609559043949273e-12 1.455873513330225e-18 
0.0016972114680837145 3.8011563123804757e-07 2.5580810344687582e-11 1.627665964999055e-11 -1.270691844626227e-22 -5.9858593588612295e-15 -3.0685862949530677e-22 
0.0018528839564560086 1.61518158570577e-07 6.373469758312145e-11 2.8504059038631824e-10 3.719795652460931e-20 1.1209882745986588e-13 9.609630195343128e-21 
0.001875262561700989 5.377486706698015e-07 3.225801520838685e-11 9.534300974745361e-12 -1.5504885276289312e-22 -5.6456249429993244e-15 -6.259178739427074e-23 
0.002082982951939647 6.479337788803825e-07 6.753777608376844e-11 3.585014223690277e-11 -1.3872469810870037e-21 -1.6809144756407782e-14 -1.089679398431438e-21 
0.0020399778251664735 1.3495113913816448e-06 4.48316604423433e-10 2.76992672015337e-10 8.029809549437189e-20 3.205210473691913e-13 -5.549730380555475e-20 
0.0022516953469778013 2.112595618704143e-06 3.2021205008368447e-10 1.1345116928779585e-10 2.0357790257212173e-20 1.6420415159840607e-13 -7.290385043378519e-21 
0.0018368972033080038 3.881733347430185e-07 7.413535101942286e-11 9.562220148807985e-11 5.028924562798345e-21 2.8992507461808616e-14 6.287193627742367e-21 
0.0020042982427976204 1.2648971606032603e-06 1.346372523276699e-10 1.487950010555378e-10 1.8527493310273842e-20 1.2864409540681117e-13 1.0013461344287994e-20 
0.001716951198078312 9.484463040784423e-07 2.0393619227400393e-10 1.031550602255869e-10 1.4156273722214745e-20 9.370454856853214e-14 -4.842980451077627e-21 
0.0019920300676083908 1.723715721694065e-06 9.287003308551774e-11 4.746211939851695e-11 3.1237649554841484e-21 5.895063131323076e-14 -4.139502229654213e-22 
0.002613276411698367 3.455152682170589e-06 7.87796873683745e-11 2.891710091187168e-11 1.27884794518698e-21 2.4207890426729075e-14 -5.1911045699133435e-22 
0.0018206119148607236 2.6432679187712145e-07 9.36920403448517e-11 3.315875279808139e-11 -1.2988845792122469e-21 -8.27698226631272e-16 1.3148143554055684e-21 
0.0022974090995063756 1.8157491168906957e-06 3.7353323164530165e-10 1.564416560214942e-10 2.6100843530991567e-20 1.549857113180633e-13 2.736625657441158e-20 
0.002464931916657784 1.7315164052056018e-06 5.272669335958917e-10 5.488271008889817e-10 2.5416852914244303e-19 6.930937787362e-13 1.5020773881923025e-19 
0.0017134568376328384 9.71846033217214e-07 5.587455424971818e-11 7.006611063295677e-11 4.213365572271155e-21 6.467540811253225e-14 1.2111458719213536e-21 
0.001940322753700582 1.1296984119889254e-06 2.8268726112864695e-11 1.4976973789281317e-11 -2.5532047961401744e-22 -1.1765287514305956e-14 -1.7256797309253265e-22 
0.0018761920749977594 8.810614007772473e-07 5.513313716221622e-11 1.9247909567254595e-11 6.957126365430846e-23 7.079226048944401e-15 -6.231488480205793e-22 
0.003776109583931995 1.9563905916729748e-07 2.0437598070939604e-09 8.456802704070051e-10 7.089195247922963e-19 1.3143217900026465e-13 8.564569056569256e-19 
0.001988212066687245 1.145947254688847e-06 6.554663794131435e-11 2.722314303548133e-11 -7.871067781075845e-22 -1.2013098173115448e-14 -8.383735156209107e-22 
0.0025264076801232026 2.7598675731502027e-06 4.937669734560741e-10 4.2228772907653687e-10 1.918698383177195e-19 6.870786177833752e-13 1.921514284415986e-20 
0.0019014013523636776 3.1453288167930806e-07 1.7884507338744894e-10 6.289491228469666e-12 1.1225498138488803e-22 -3.186757858275544e-15 1.7859194029431587e-22 
0.0022932316504701697 7.107339195389992e-07 9.866765902694863e-11 4.738960770715495e-10 6.596678826503397e-20 3.2324126760203726e-13 -7.841699970082781e-20 
0.0018621833852794228 4.580946698622524e-08 1.2871191544037443e-10 2.63349992007038e-10 -2.5492286424859834e-20 -3.560439076085601e-14 -4.1242691120189467e-20 
0.0028483694595265964 3.9687135067024897e-07 1.350872754174294e-10 5.122392434241963e-10 -2.7041750344608802e-20 4.5956346537413393e-14 -1.3200484573675244e-19 
0.0016474879877880688 1.712626022802476e-07 1.1387481680573636e-12 5.054148836603453e-11 2.2753777975209605e-22 -1.5208915993379862e-14 -3.086178640656994e-22 
0.002264898049704962 1.344224972982837e-07 1.7769304337745e-10 5.392954558750143e-10 9.628202308333341e-20 -1.7395295885107807e-13 1.363842137628088e-19 
0.002081517429670013 6.58217153432757e-07 1.9593179817564486e-11 9.020330411245417e-11 3.350948819753508e-21 6.856276431474719e-14 -1.7752703748579303e-21 
0.001563463950572151 5.310085692639133e-08 1.7469112372030056e-10 1.1212591961458331e-10 -5.383498994717265e-21 -1.699654291410068e-14 -1.4740254856406096e-20 
0.002024295469220684 7.196546946498138e-07 1.051572591632159e-10 5.547468847904598e-12 8.100091081366388e-23 -2.9588916726197163e-15 1.0673007349335984e-22 
0.0024441577471504055 1.6512314971882416e-06 6.348654751826333e-11 6.045517426430373e-11 3.691942520636951e-21 3.9488119727779394e-14 6.301751042119336e-22 
0.002018724406965239 8.236783136359147e-07 2.5294753521896978e-11 5.937633643855099e-12 -5.567187467080251e-23 4.019433078656544e-15 4.6858291062346573e-23 
0.0019953825520625653 1.8010500545620967e-07 9.871028796201452e-11 1.7428009759781187e-10 -2.1600242313297757e-20 1.6431721415360092e-14 7.480173928503079e-21 
0.0017559641097980258 4.212423914859021e-07 1.4798068920945526e-10 1.0411572965894872e-10 1.2677372982919469e-20 6.732953093369675e-14 2.5097169815185587e-21 
0.0022009074557821848 1.4073736163544632e-06 6.639963928746857e-10 4.555651370317844e-10 1.7317200540074871e-19 5.347661786781049e-13 -1.8108245939556743e-19 
0.0032879641364930833 3.7343412650356517e-06 6.259409595746789e-10 6.786275773380787e-10 3.978121592107371e-19 1.1289372163734213e-12 -1.9331858532264858e-19 
0.0014712258416966556 2.0910033817228578e-07 6.412046858945659e-11 1.1279063589636028e-10 5.335522925902677e-21 3.202797478489399e-14 7.971080593347785e-21 
0.002235262191860119 9.55328956621767e-07 2.3616077936990794e-10 3.0983790764746916e-10 -3.141910935772395e-20 2.5298797775307726e-13 7.769990368288207e-20 
0.002068147223092578 2.2192695211195032e-07 9.91486342237982e-11 1.1261461787870264e-10 -6.6158741113077455e-21 -8.883743275903171e-15 9.891043835965699e-21 
0.0015663717044244927 4.776452518429761e-07 3.711857281488001e-11 3.9678050834383344e-11 -2.6778635525304134e-22 2.661096255375725e-14 -1.4989923838532603e-21 
0.0025192175876653936 3.831078940488553e-06 5.43079289453313e-10 5.7279437005202e-10 3.1718973380730876e-19 1.1193488809143774e-12 -3.809972543496581e-20 
0.0017173247499253667 3.9997993508411624e-07 3.050553706932679e-11 3.953365148909622e-11 1.2610642820773848e-21 -1.2089738598321348e-14 5.427508296833445e-22 
0.0018200841218595086 3.257160412765158e-08 8.13205186375419e-11 1.158157705590059e-10 -2.228626330865531e-21 -1.9433500366585408e-14 -1.1016454889824664e-20 
0.0015396032791709226 1.9150818061496825e-07 3.137844820720445e-11 2.70000574049222e-11 -7.15137491856904e-22 -8.272056260540049e-15 -3.258900170379924e-22 
0.001522190854845391 1.2357174928292553e-07 3.576713387012932e-10 2.324570719119526e-11 -1.85848988516535e-21 6.5723069264961515e-15 1.0191992796010095e-21 
0.0014515857592688481 5.30985715709456e-07 4.652280007500751e-12 2.0918054900768427e-11 -1.1489370797322e-22 2.502446606954422e-15 1.7141119346396384e-22 
0.0014401479215913843 6.015247002293559e-07 8.575705150184292e-12 1.0477977161315646e-11 -9.070467581249325e-23 -4.869915886952563e-15 -4.046946363536439e-23 
0.0013800579437549239 2.946124248380392e-07 1.0549182233192514e-11 2.3120761623053498e-11 -3.389663147586779e-22 1.0203276343876004e-14 -1.2444319357072366e-22 
0.0018776819031846217 4.779451646401106e-08 9.962847855425527e-11 5.756494552802702e-13 6.84685474035275e-25 1.2134776518838188e-16 4.30531817957972e-24 
0.002247981997378893 1.0086193382385639e-06 4.291376858818856e-12 8.718290281374534e-11 9.842959998997638e-22 -7.454253830478992e-14 1.3692721612674788e-21 
0.0018474127736837135 2.627849299228643e-07 2.780511331041739e-11 2.367238614647549e-10 -8.156221030393643e-21 -4.465972710174881e-15 -1.7387550144853884e-20 
0.0014844908472446696 6.491449853788138e-08 1.0198227000649709e-11 8.303579089748691e-11 -5.459371502648569e-22 1.2240074469542489e-15 2.3538719240319706e-21 
0.001579087174972293 1.8964422346750355e-07 2.8942374237905823e-11 3.5334926614370676e-11 3.79068462624292e-22 -1.3760587777741907e-14 1.0645079873399618e-21 
0.0013588167742107347 4.270240704041758e-08 8.216221865935888e-12 4.430186014713202e-11 7.2162060722294e-22 8.699175390523765e-15 -4.400660205249544e-22 
0.0012508310789504967 5.993800832169932e-08 1.885050761057954e-11 3.071373127339674e-11 -5.258673808647959e-22 4.731016193544286e-15 -5.19253916322331e-22 
0.0013788373605016643 1.7618970982598102e-07 1.4897384997308055e-11 7.086160794626788e-11 -2.2459234841206485e-21 1.2826488715462138e-14 -5.066040038933376e-22 
0.0018937425042842263 1.284645521752968e-06 1.8676762365172405e-10 6.31286085691514e-11 5.723096445326785e-21 3.995294360922855e-14 3.772723216516978e-21 
0.0013354800945072256 2.947351808900611e-07 1.266913413825587e-10 1.0144845729566252e-10 1.1456557099721452e-20 5.5059335013390814e-14 1.011917167005743e-21 
0.0013742233897533125 3.711919809398117e-07 1.0158700563322812e-11 4.581031659666199e-11 -8.174051213108302e-22 1.5333385655852506e-14 -5.554046462125926e-22 
0.0018122471009592682 1.344046254405911e-06 4.266695459005978e-11 1.0890860782549791e-11 2.297792830550704e-22 1.0040222204916377e-14 -4.814097926793757e-23 
0.0027761462687506165 9.266076777775397e-07 2.1725002850206014e-09 2.180996348250967e-09 4.570859591124141e-18 2.051925000443727e-12 -1.2828578800685495e-18 
0.001506577974792428 2.770494911424524e-07 5.187131800802554e-11 5.716894411559579e-12 -4.653206319363264e-23 -1.5145314079589379e-15 8.675622121933394e-23 
0.001277987783530388 2.839736367254667e-08 1.287036816033666e-11 4.180965613475312e-12 2.8807127686132646e-23 7.036624220880113e-16 -1.0525377798141333e-23 
0.0017741773455444202 1.1201967011441507e-06 1.1456240151536855e-10 7.432733117962276e-11 5.874256407066557e-21 7.819301807800051e-14 3.540525775232455e-21 
0.0015194490142417835 4.710048893170734e-07 6.458770342748687e-11 4.9131878610595526e-11 2.7631746497312106e-21 3.333487810583514e-14 -1.5831331777941215e-22 
0.001858239844210009 4.413708440525703e-08 3.609578340428947e-11 2.140008941096293e-11 2.8666836447432586e-22 -4.4628660514523046e-15 -5.211302880694143e-22 
0.00206621573259451 8.121374274582087e-08 2.0929148514487337e-11 1.0742587056967978e-11 -1.6042236362639884e-22 1.3398802270433678e-15 1.4530338761841206e-23 
0.0022308102367386688 2.7148841786589206e-07 4.292149723166978e-12 5.90886396770665e-11 -6.939818522568446e-22 5.223940036545297e-15 6.355199980143704e-22 
0.0021652574245915896 2.698309358254775e-07 1.922668424701577e-11 1.1364498145472484e-10 -1.3424454692649014e-21 -1.6546047696909938e-14 5.139817245349937e-21 
0.0017720439336780364 7.33227695224345e-07 1.383860986921797e-10 3.330968320984552e-11 -1.016626396652035e-21 -5.748281787636808e-15 2.020143578162083e-21 
0.0016693995051892923 5.062221608931849e-07 1.32527792769152e-10 3.395685791210215e-11 -2.1959749862198557e-21 -2.0079612111770318e-14 6.056096078426153e-22 
0.002085931510568564 2.4452469139793333e-06 3.3156558933560306e-11 2.189349438758768e-11 5.89037045318196e-22 2.7294377976895706e-14 3.136315965969334e-23 
0.0015707479379109264 1.3679674059851739e-07 1.952080621786017e-10 1.2740164517667e-10 -1.2496070911741084e-20 1.8237437723307398e-14 -1.5732604710912467e-20 
0.0014745148879713099 7.255910016032551e-08 1.953482059344767e-10 1.0698011374341928e-10 -1.2161415964921747e-20 1.4531288730914412e-15 -9.553874054356508e-21 
0.0018888094451693835 1.141779001693134e-06 2.849203113497444e-10 1.2438875703909878e-10 2.3203300590591327e-20 1.258451427748841e-13 -3.1572358644516447e-21 
0.0018521059480014384 5.140782555365872e-07 1.456936075542256e-11 6.407651477405037e-12 -1.1698839482148243e-23 -2.7272384434118944e-16 -6.079574289696122e-23 
0.0011959277796375165 2.0826389195987668e-07 3.2976652559661554e-11 2.4853886104325664e-11 -6.305194192735081e-23 5.72766616495614e-15 7.087333399165689e-22 
0.001801396052756234 3.364158596302856e-07 3.836356746937788e-10 1.5616011869608436e-10 3.683439779655929e-20 8.967927541885826e-14 1.0205735516485716e-20 
0.0018167950140768683 1.9970970224842657e-07 2.1596155838338506e-10 8.968881839057996e-11 -1.1923226237981366e-20 -2.1691930213600583e-14 3.6939481098496406e-21 
0.0014823527779904584 3.114444389985723e-08 4.283171375226949e-11 9.774594487412061e-11 -6.144990329616886e-21 -8.421702753100465e-15 -1.4964127491750028e-21 
0.0016461321054658347 9.332083970828106e-07 2.546175595969251e-11 1.6137172670754972e-12 6.537755881729205e-24 8.986279741946144e-16 -8.015891930975569e-24 
0.0018660756627310226 9.82662765275709e-07 4.678972780639402e-11 2.2840972056070164e-11 -7.466692425852185e-22 -1.4256534743415086e-14 6.960820732947109e-24 
0.001565201746746462 1.1556428956101686e-07 2.813193516233585e-11 1.1692934805898006e-11 5.418616551383952e-23 -1.976320962901276e-15 2.050335534524495e-22 
0.0017540750054979648 3.565947582166236e-07 2.0900609976563056e-11 3.650733032454908e-11 9.478470705902042e-22 -1.3874035351494984e-14 -3.4428906859630695e-22 
0.00346888742190491 2.0285321527350487e-06 1.7069383473671573e-11 7.888220142388829e-11 -1.884343291236977e-21 4.418521415703578e-14 -2.197164302722519e-21 
0.0037866673358805955 7.237085688025163e-06 3.5236085123825785e-09 2.906282859522117e-09 9.159475116011974e-18 7.532616588178969e-12 1.612781706380657e-18 
0.0021935630931127284 1.4158049205312158e-06 1.9585071958338912e-10 2.2913851275614515e-10 4.786848649768348e-20 2.315217960919059e-13 -8.052797649824731e-21 
0.005466172263857571 2.2715954832051985e-05 3.2280206933522806e-10 4.449483343046011e-10 1.669656009696129e-19 2.120646475572654e-12 -2.3627587375390702e-20 
0.001791036791937297 9.558431028060733e-08 1.5861398614800693e-10 8.63512716272816e-11 7.762869836513886e-22 -9.030948428067766e-15 1.0076013706877936e-20 
0.0017044512736106778 6.594533210407437e-08 1.479780211995985e-11 2.7474693613025314e-11 -1.9175513299902967e-22 4.757527015241276e-16 -5.1973954294512775e-22 
0.0017533941037144421 9.157562374253242e-08 2.796856503181222e-11 3.883263193604821e-12 1.160831071275419e-23 -1.0950641433387663e-15 -3.876914183319066e-23 
0.0019633294557670398 3.0001140900112415e-07 6.137365363512497e-10 6.226363755912786e-10 3.8299918965681603e-19 2.430439229736027e-13 3.815876406994097e-20 
0.0022624871141192606 8.377289020275707e-08 3.7747538583114595e-10 1.7355841569464618e-10 -3.673636949116702e-20 4.510178100308675e-14 -2.4977731544148098e-20 
0.0017496105574935376 1.4078076124030002e-07 5.508965029606113e-11 2.1594492318209953e-10 1.06212370059418e-20 5.37760112174324e-14 -2.1022404607869196e-20 
0.0013516867039205759 3.4234671188604244e-07 3.908002270720245e-12 3.0276148364690452e-12 -7.010898784869285e-24 -1.7005798310798085e-15 -7.700913716132387e-24 
0.0012077792544937206 1.9446805018287088e-07 6.107997894725349e-13 1.426907322993151e-11 -2.1693082655667343e-23 6.23440510397735e-15 -3.611027196511406e-23 
0.0015345348917747256 2.439545732117841e-07 8.299283766588506e-11 2.418467439324153e-10 3.015141437661612e-20 1.1945152506410476e-13 -1.627494909160657e-20 
0.001166623085305434 3.622846217574349e-08 3.562056617720002e-11 2.4396448202761955e-11 7.189065169272041e-22 4.599534123473459e-15 -1.9993851326559042e-23 
0.00139846979789525 2.9521810933755867e-08 7.210154439133455e-11 2.2792360578493157e-11 -8.931521698845e-22 -3.079502213320184e-15 -2.3662917719650143e-22 
0.001703318788125119 6.313334891026802e-07 2.915253833448952e-10 2.9601190646052505e-10 7.440438521535867e-20 2.3127112892727435e-13 4.500463416527545e-20 
0.0016008724112700746 2.1964817191159088e-07 1.598694753984033e-12 1.0814000111236537e-10 -5.377127655869208e-22 -4.1103861931971957e-14 -1.316283396742067e-21 
0.002815976485151678 2.8544662105090393e-06 1.6698883776507042e-10 3.5706988911211156e-11 -1.4561665499259331e-21 -6.02941711686744e-14 2.3413492194563487e-21 
0.001391253219357121 6.392714860325188e-07 3.384929055007404e-11 7.374396727715427e-12 7.714127155171758e-23 5.117666752566486e-15 8.731487547115642e-23 
0.001692297168075797 2.2165656288715564e-07 2.3736381100967344e-11 1.2443174306284652e-11 1.1822171634277921e-22 4.3932537966686635e-15 -1.7819749735075644e-22 
0.0015354317565759398 2.1751165611972357e-07 1.4334722925504442e-10 9.735810276180943e-12 -2.8408084779203957e-22 -7.390559698797675e-16 -2.2711572217272164e-22 
0.0018401906250104377 2.3157095421236714e-07 4.195244940927772e-11 4.3737422869682264e-11 -1.307184085029353e-21 -1.689214519543762e-14 1.3421433488708334e-21 
0.0031689482713633714 5.635956839862153e-06 7.206764895400197e-10 2.50831092541604e-10 1.06582726141009e-19 5.879961921777099e-13 -3.656405057202881e-21 
0.0015250350092381574 5.177273934363298e-07 9.99724049037181e-11 8.47760651400877e-12 2.4347966699766728e-23 3.0710230637537467e-15 2.455987827319134e-22 
0.0020768395692970024 1.5929929696657053e-06 1.2948794716039823e-10 6.238391801991808e-11 1.718618421366831e-21 -7.028876217168872e-15 5.337021543066258e-21 
0.0014336165204818464 2.7175505407322625e-08 2.0163565938776694e-10 8.656576772657605e-11 7.949917829294404e-21 8.18393549676498e-15 8.221815467825484e-21 
0.0015610465103322623 1.1910741269371736e-07 1.7908783278500302e-10 2.5532680944384263e-10 4.3750810474018605e-20 8.617826075313e-14 3.2662225972862707e-20 
0.0018569594595894531 1.6508298741537999e-06 2.048000184487417e-10 3.3153031976723e-11 -2.5732540133195066e-21 -4.1810754328720937e-14 9.171305738910364e-22 
0.0018970518337441105 6.714708008865718e-07 6.639730179863231e-10 5.149553146070875e-10 3.0110559119414497e-19 4.2154303849215395e-13 2.114925348280876e-21 
0.00298261079365356 3.3177487055104877e-06 3.511713829755874e-11 5.234018228243558e-10 5.96297483459371e-20 9.157789159456583e-13 -3.8465398057128204e-20 
0.001969121996234682 2.937749043264823e-07 1.0959347673854734e-12 1.4111897193192252e-10 -1.6445176346394023e-21 -4.5665692225116765e-14 6.127742230327573e-22 
0.0014917171166306605 2.416017095068078e-07 6.577002692266123e-10 6.862515865794469e-10 4.579711057062524e-19 3.2838189370005735e-13 -5.311105399719187e-20 
0.0019193528072022716 7.084699803949413e-07 1.239760056888302e-10 3.60044296087619e-11 -7.423893998031917e-22 1.0376187300647476e-14 2.2880598588126637e-21 
0.0014958876478257765 2.555980182578435e-07 4.4760496772035794e-11 1.124602290665356e-11 2.1102321959931032e-22 -5.285384826879927e-15 1.383216836540045e-22 
0.0013418413812823853 1.5889087332830498e-08 1.7986015420185043e-11 2.6011633920732588e-12 -9.124811857640621e-24 -2.719726154150727e-16 -1.527365575732374e-23 
0.0014483484285451693 2.040095345888699e-07 1.7837266887922076e-11 2.7314889923694045e-11 -5.983515877694483e-22 1.784487250159892e-15 7.412158060089288e-23 
0.0017565105840745819 3.0964169116990666e-07 4.076935372245852e-11 7.837365052157254e-11 -2.692363675903156e-21 1.2052764790186826e-17 3.5182000943957375e-21 
0.0019844634475937855 7.576925379026839e-07 2.392999487683444e-11 4.4944951749244525e-11 -1.3861812267583953e-21 -3.908138470837993e-14 5.011282783176787e-22 
0.0019658632058935106 6.139615252491603e-07 3.0368037243967877e-10 1.1016194218452558e-10 -1.0698430854529355e-20 5.049219550923372e-14 1.707424867671996e-20 
0.001287793985039504 5.184233840366783e-07 6.373865355238114e-11 7.106607939547783e-11 4.56816831609134e-21 4.874750945467912e-14 -1.4171654790391548e-21 
0.0014997185243537212 1.4022946856219166e-07 1.5950372771854337e-10 9.547675493941036e-11 3.695097018472905e-21 3.00523526613085e-14 1.1187940508556824e-20 
0.0018897780442876941 1.4202310377770625e-06 1.454792711847186e-10 1.5769900357385692e-10 8.581307873357617e-21 1.2225275730739232e-13 2.2291334804635463e-20 
0.00156644107159808 8.040884034643042e-08 1.843925649454957e-10 1.263380439548361e-10 -1.7499066658692617e-20 -9.662980301528399e-15 -8.100239862372636e-21 
0.0017404632177264 1.2981459418501848e-07 3.506827293494707e-10 2.6848243161078696e-10 -5.648799312039853e-20 3.38801382877071e-14 5.996548075761206e-20 
0.0021998348724109394 2.2580804240344456e-06 3.772267223678522e-10 2.3068841370899996e-10 5.2788277558064464e-20 3.28772631902222e-13 4.294707502128144e-20 
0.0020961938993030674 1.3274442947151835e-06 2.4366975192892767e-10 2.6497385156310785e-10 2.0452675453011724e-20 2.4679496504863297e-13 6.414786491556996e-20 
0.0013215705650678785 5.021306682761968e-07 2.42488098171765e-11 3.5461011208871856e-11 8.943149252701782e-22 2.5095563143267413e-14 5.305608059659878e-22 
0.001843677171150863 1.1625075606675149e-06 1.868028371279184e-10 2.04171683784053e-10 3.3632978394978097e-20 2.1212470853293347e-13 2.1417830395656914e-20 
0.0014330997413337801 2.1395090574927127e-07 1.5006779476144802e-10 7.467375430929015e-11 -2.377286634304944e-21 1.87983593486186e-14 7.538949871681907e-21 
0.0019056947701370816 5.81529223706892e-07 6.115215530505452e-11 3.486173578990973e-11 1.2448887032572063e-21 -2.5933828332168528e-14 1.0203924101651014e-21 
0.0015158183853887694 6.153083528241625e-07 2.2833235981211478e-12 4.85050671546517e-12 1.586326055755214e-23 -3.680420484989725e-15 2.9882426388465217e-24 
0.00210811667191671 1.534106233781057e-06 1.1466267835795909e-10 1.153515595919309e-10 -4.339974500497081e-21 2.6762762267619458e-14 1.2536205409028154e-20 
0.002737965151375339 2.934029396316303e-06 3.267684344891178e-10 2.6434643086455464e-10 7.671343847005086e-20 4.288458199972665e-13 -1.2296515501668454e-20 
0.002240788030609936 2.0533053323202794e-06 3.1858697782617087e-10 2.284693011975191e-10 3.8100162253199967e-20 2.1414033628275476e-13 4.845356083377933e-20 
0.0017840862102522905 1.5441183171359175e-06 2.713239736664043e-10 1.2336255352102336e-10 2.2032158420361682e-20 1.495513542040111e-13 4.894863842254049e-21 
0.0018695059770596951 1.6200462998224468e-06 3.679356066623631e-11 6.665571768448338e-11 2.9364952432779704e-21 6.837758769879429e-14 -1.5077867756232989e-21 
0.0018381644843052988 9.837506149022515e-07 1.670655583084131e-11 3.3177332598352296e-13 3.218397640194568e-25 2.1313086391032473e-16 7.117117656983741e-25 
0.0017692275416499785 9.527852489998674e-07 1.835234141781191e-10 1.4617460433831177e-10 2.29891176732726e-20 1.3944661077968055e-13 6.685947428300447e-21 
0.0020205647197725266 1.2509078269055212e-06 3.210883352824487e-11 6.890753595914379e-11 1.5999435416294465e-21 6.879254441300306e-14 -2.8188425425570034e-21 
0.0022932993059417432 6.951015310385835e-07 8.139449487269703e-10 3.6878703678537997e-10 2.0055623837010933e-19 2.956398509082735e-13 -2.4531581506503462e-20 
0.001727056175664124 3.0394516338793844e-07 1.828083633733084e-10 1.5365007373534936e-10 1.896249225879861e-20 6.884129534311914e-14 -1.7422609659918272e-20 
0.0017906756732782663 7.011803557096497e-08 4.76767257840849e-11 6.5790898292349e-12 -2.581863073285693e-23 -2.861074748483912e-16 -1.1362394097835727e-22 
0.0011840467477784572 8.879319934295565e-08 5.2368409580755606e-11 3.986180039777818e-11 1.2273150917570331e-21 8.316977480944256e-15 -1.3456064637274062e-21 
0.0020250536633888592 6.778879462544359e-07 1.1777189902589975e-09 9.2381909448989e-10 8.509159256969543e-19 6.797052890681879e-13 4.522013634156135e-19 
0.006227834275216761 1.5009043540740588e-05 1.4624753888433635e-09 8.689788287680081e-10 9.710032216906158e-19 2.598060629570729e-12 -1.2965339981609975e-19 
0.0016959093725732568 6.014911166558844e-07 1.9864943220911117e-10 5.297893268539301e-11 2.9543233007402675e-21 3.3083246745408704e-14 4.561913226969298e-21 
0.0013992499521657859 1.311343568331234e-08 9.949395665014647e-12 8.614305751799071e-11 5.40135555558923e-22 9.043473354903217e-15 2.463383837195637e-21 
0.003760271232706473 3.419940598440529e-06 1.4818982320249574e-09 3.6154249459511555e-09 8.330327768620987e-18 6.601760213008588e-12 7.985132276658599e-19 
0.001670127870449747 3.776260796885872e-08 8.71227472402105e-11 4.582798049614864e-11 2.0462652259408255e-21 8.905181450847397e-15 -2.048950314988688e-21 
0.00184054168861029 7.050813010668112e-07 9.469493446736412e-11 6.224122186315652e-11 2.872195483503309e-21 3.758462435520042e-14 -3.8188209218443446e-21 
0.001013444946839928 9.449868886542911e-09 4.912475783492119e-12 5.3982792369421526e-12 -2.9331522768144375e-24 4.440645076423567e-16 -2.764408532719311e-23 
0.0023510425504055434 1.1517284345671514e-06 1.2062205683753833e-10 8.888326444421179e-11 -4.0126353642984346e-21 9.021774138828504e-15 -8.282475649674168e-21 
0.0017522765473367585 1.7713158101697522e-07 2.1702940453622473e-10 7.655065717273177e-11 7.748866648903925e-21 2.1797173952670495e-14 -6.1083266569475784e-21 
0.0018008349060612498 2.866998359026653e-07 2.161687479965395e-10 5.42662240634694e-11 2.3420682921589215e-21 1.2026300858206476e-14 5.3906807924114456e-21 
0.001967925664095097 4.565345627772599e-07 5.067824429628627e-11 9.452653169246076e-12 -2.067394667042059e-22 6.151169781818768e-15 -7.914087349707192e-24 
0.0015090811988106704 2.3526746629687722e-07 1.7874997958337263e-11 2.7534627208896347e-11 -3.139348125924425e-22 -1.205406040516652e-14 5.240181952821805e-22 
0.001591587050033868 2.5767544310889355e-07 1.8049052247513411e-10 1.1037634855476369e-10 6.444717115388684e-21 -4.2127025846368766e-15 -1.4183536769188808e-20 
0.002483893250900325 3.7405745647831674e-06 1.2310049149142058e-10 7.355055840719913e-11 6.970844650191922e-21 1.372781303264316e-13 6.222572447365261e-22 
0.0017257206431620534 9.872660058416802e-07 3.4008277463785333e-10 3.3388802538092263e-10 1.0773444899250611e-19 2.9002816316027045e-13 -3.243349995854007e-20 
0.003051031947115786 6.731110390831979e-06 1.3895793058114438e-10 5.876385736739851e-11 4.933884231080284e-21 1.3799503714259803e-13 1.9632935211443615e-21 
0.005034222515600527 1.0810912095493288e-05 5.546939958096112e-09 2.396933779151902e-09 8.734475652555496e-18 7.831407292850416e-12 -3.1033477227485293e-19 
0.0012952141956373907 6.662609664441778e-09 1.1340100613121277e-11 1.4409315936966063e-11 -1.8391292382812968e-22 1.0628143986335545e-15 1.0156612281013378e-23 
0.002198772913789965 1.732377772877516e-06 2.916116807927762e-11 2.3969391178464278e-11 6.315053708691669e-22 3.0777255181789e-14 -5.2768613779186577e-23 
0.0018345609903260972 1.3575123543261221e-06 5.277614531708818e-10 6.316339488239397e-10 3.610288234941921e-19 6.728883581138727e-13 5.150538370936225e-20 
0.002417372966071433 2.911289715685554e-08 2.3090372359395927e-10 2.727895981396772e-13 5.358821838877295e-25 2.7492890542029232e-17 -2.097627152258853e-24 
0.0022012400343824367 1.0824389405506337e-06 1.628139158404078e-10 1.9481665524758363e-10 3.3698626776836867e-20 2.0016961345907003e-13 8.26107297374651e-21 
0.0018904731830467001 1.8326262246317723e-06 4.516597023496323e-12 7.488667920335022e-12 4.244410144446891e-23 9.563282532507123e-15 -9.762869919877819e-24 
0.0015193028053271927 1.3154555628796808e-07 2.5059411514191532e-11 7.836035927454133e-11 -2.2712494195370545e-21 -9.944375866895826e-16 -2.6265957591820975e-21 
0.0018336755087537758 1.977589080828254e-06 6.082465508020976e-11 1.0480603834229527e-10 8.224730057894628e-21 1.4187818186371895e-13 -1.5415803176104447e-21 
0.0024673992682689968 9.924390863624493e-07 1.3010336461207364e-10 5.075885282638118e-11 2.755509751440395e-21 3.9884512626225275e-14 3.0695034430443564e-21 
0.0019303757536161942 1.1108580009143675e-06 4.3799559633750277e-10 6.622299754730779e-10 3.4448259684165966e-19 6.9731675880521e-13 -9.238190740037041e-20 
0.0017441314383630873 1.1450896348536955e-07 1.0494310658234115e-10 3.291332321061681e-11 6.753799856260134e-22 1.112285539299194e-14 -1.8126122641341314e-21 
0.0017672515225915287 8.666242568531993e-07 1.3771825930173588e-12 2.0113844995934396e-10 -2.61921095553919e-21 8.80220091879465e-14 2.0848045750718693e-21 
0.005011656246784531 6.14142585577342e-08 2.7545330384163226e-08 4.55596274004523e-09 -2.3712001650274693e-17 6.601003058600556e-14 4.519541468439104e-17 
0.0019667647245773267 7.755251938145567e-07 1.1385693594649543e-10 4.425327880918482e-11 -6.982705384988349e-22 -3.552610043209186e-14 3.062623375840511e-21 
0.0017143287882191239 5.312935533133252e-07 1.643916202602585e-10 2.0344548798733738e-10 3.627113527610233e-20 1.4731768040062288e-13 -8.287610526645851e-21 
0.0015284781314762273 3.234134984928718e-08 1.4040958136122992e-10 1.8129287814938408e-10 -2.719464211767495e-20 -8.196341747555598e-15 9.8535332099032e-21 
0.001390132401290785 9.075565287806726e-08 1.7343519652404193e-11 1.612771412869102e-11 -2.680046707711998e-22 -1.4605542228055223e-15 -3.045155682975616e-23 
0.001965016469409172 1.3181364634803106e-06 1.792123802904392e-10 1.8966931876493326e-11 -1.1958470350780224e-24 -2.1700458604340134e-14 -1.1058071065791916e-21 
0.0015498531828412043 3.8774009350990244e-08 2.2924201232616137e-10 9.299369098205201e-11 1.4714483890468684e-21 1.822286201186608e-14 1.3497767687843184e-20 
0.0013824799748427818 1.1989527698717288e-07 4.2166004842220855e-12 2.0690685220180958e-11 -4.3368527623355055e-23 -1.8629732986990427e-15 -1.8833180063527674e-22 
0.0019265669046304845 3.30048201514938e-07 1.692355452623788e-10 1.3214804425964242e-10 -1.3168260734038467e-20 5.007433375268366e-14 1.4735818885141956e-20 
0.001507321671464968 2.573907125588674e-07 1.4244644819596392e-10 6.183532527158051e-11 5.453405554544999e-21 2.656376033930518e-14 1.9848306935216373e-21 
0.001321093335982172 3.369358556134957e-07 3.1565540287410035e-11 1.5095130542128517e-11 3.274943524369403e-22 8.75508445448623e-15 -3.6344893394950115e-23 
0.0023547247174334368 9.464526091917335e-07 2.900467755571244e-10 1.0702297949104294e-10 -1.062883175005593e-20 6.243063909278601e-14 1.557487348240182e-20 
0.005003308192499644 1.590220127871041e-05 5.833950049117735e-09 4.850985317399687e-09 2.55697906735616e-17 1.9297258727986407e-11 3.486060326961509e-18 
0.0025032701031579736 1.6247209815727119e-06 3.846894173386891e-10 3.632753920816479e-10 1.3545258817402962e-19 4.1126424857108107e-13 9.748224741163589e-21 
0.003137332599295613 3.9421962743758336e-06 3.5198272538100513e-10 8.511749559151463e-11 2.8868140515264647e-21 3.9642126723070124e-14 -1.4447329715006402e-20 
0.0018002534627676106 5.276572040149378e-07 4.8021323943813745e-12 5.549650315456698e-12 -4.904860008757332e-25 3.5075417952987995e-15 -2.864519856380481e-23 
0.0013942515964603334 7.806958790490364e-08 6.865739361765095e-12 1.1671530443782893e-11 -3.1788124571057677e-23 1.398999381786458e-15 -9.952736453090983e-23 
0.0025266895848694727 1.7337715068153588e-06 5.339230249442721e-10 2.7820981070940146e-10 -1.0644119487297146e-19 -1.8164721895707334e-13 -1.2945072672758662e-20 
0.0013435587554479441 7.934383657622706e-08 2.645883317811837e-11 2.6660345273394854e-11 -2.590800184130312e-22 -7.469694003264415e-15 6.589830710753128e-22 
0.0025128815373217078 3.8656193510956456e-06 1.205632832726559e-09 7.670736480047242e-10 6.89245106824814e-19 1.4688192546409043e-12 -2.6287018441425114e-19 
0.0021280606059722253 3.3699601122950013e-07 4.5151762259652145e-10 8.749886355504678e-11 1.2258823440325604e-20 -2.6645026832882472e-14 1.2336571423994361e-20 
0.002516006520630116 3.5940178070165965e-06 2.447695882075025e-10 8.064489583163503e-11 1.0729493256110696e-20 1.482362456853825e-13 -3.640774324538606e-21 
0.0015475456941431566 7.797761137451301e-07 5.859624184131734e-12 1.1021540852314869e-11 -8.573250598283073e-23 -2.624177859249176e-15 -2.2248715048830807e-23 
0.0022305977653205413 3.790402579403075e-08 1.0426067210699656e-10 2.197051663487123e-11 8.266177797140203e-22 -2.516761075694104e-15 -6.499332877042782e-22 
0.0015713937768987384 4.049996763703991e-07 1.4104240587729325e-10 1.446128148183929e-10 2.0648763104825912e-20 9.076124102144578e-14 -4.227058512890172e-22 
0.0021837221353497994 2.644203746024195e-06 1.7690675153549415e-11 3.509303875899105e-11 8.092494171912174e-22 4.656340631651287e-14 3.311614737126577e-22 
0.002303927828916719 3.034840246111499e-07 1.2062099151366686e-10 3.160804011256749e-11 1.9477149366964865e-21 1.1169164214041576e-14 -1.2428631598452346e-22 
0.0019007266850056674 1.8858910923830266e-07 7.624413282769367e-11 3.953602047791987e-11 1.2685689445120407e-21 1.5737952104824443e-14 1.7613960125638445e-21 
0.0021849440144136503 1.5651280632733706e-08 3.88935048889379e-11 1.5035710751595277e-11 -1.8742138907840114e-22 4.929565822077109e-16 3.115743156138869e-22 
0.0014279223256977798 6.338262465115626e-07 5.2159359191107216e-11 1.2997709508513938e-10 5.8232122499553474e-21 9.903562409543142e-14 -8.979072910293262e-21 
0.0016092012780354365 6.037724312150123e-07 1.554434410054794e-10 2.276178124211298e-10 4.188676321814486e-20 1.7406669364768592e-13 -8.86679677914773e-21 
0.001470883942848072 8.498105509035078e-07 3.830912558379012e-11 3.4176969495990885e-11 9.845485512891332e-22 3.1503163616664835e-14 -7.483315301615651e-22 
0.0022378718233270665 1.252259887735145e-06 1.0776898348829677e-10 1.924490758635782e-10 1.4932178296454968e-20 1.9786426703410855e-13 -2.3348910784210895e-20 
0.001319175690795759 4.358630290185116e-08 7.958346380158134e-11 1.468968771195894e-11 4.992960156239847e-22 2.5681926300708014e-15 5.450264171602821e-23 
0.0018718572516292754 1.6780509602318625e-07 1.9571132698458347e-11 4.2321918880552766e-11 8.443861382482916e-22 -1.3905529558208566e-14 -8.778357546433197e-22 
0.0023506997372867385 5.711309945074817e-07 8.727462566980986e-10 8.651192025894551e-10 2.8189484397080915e-19 5.453215679555643e-13 6.968665525234151e-19 
0.0012238782587444031 1.6555258832443428e-07 3.7927981538761354e-11 2.87609437838835e-11 -7.690744250059988e-22 6.414914217822769e-15 -5.5755025483716515e-22 
0.002208844543180682 2.72263932492751e-06 6.294850495139643e-11 3.1681809879386816e-11 4.661096097678863e-22 3.626059860518241e-15 -1.3358582766154193e-21 
0.0015448722434381551 2.0112138107066876e-08 3.269410007084312e-11 1.6703144186713137e-11 -3.800903029073697e-22 -2.3678556518520535e-15 8.881973797692155e-23 
0.001716958263017794 6.844740141714556e-07 1.2210732987592596e-10 3.240654068201195e-12 -6.446290140591303e-23 -1.7584837147363907e-15 4.380939328716859e-25 
0.001562709461361635 6.999859058496027e-07 1.162973509323231e-11 2.7555217158157464e-11 4.5475631539796935e-22 2.1524544450181763e-14 1.9109858838360932e-22 
0.002967298806180823 3.953198669932281e-06 8.570371331510765e-10 3.538836294913914e-10 1.7027677028117737e-19 5.682427438527216e-13 -9.480561075364352e-20 
0.002052829119766741 6.344245498787765e-07 5.3806219442121124e-11 3.754957565022533e-11 1.64569476495232e-21 -4.6256110833190775e-15 -3.7469240974552318e-22 
0.0016796606853088259 2.3814174196621935e-07 2.7760002117932814e-11 1.0540701148727954e-10 2.747209081143677e-21 -4.9564205797239964e-14 4.9963654470680716e-21 
0.002414263878612113 1.39098756668397e-06 5.677900985997865e-10 5.983441999198025e-10 1.7641479921395345e-19 4.843695055938236e-13 3.0084534357000185e-19 
0.002524544000339432 8.73336347201877e-07 4.215682312896192e-10 1.1115395348583422e-10 1.4382288661592176e-20 6.273551072502126e-14 1.9289941739056658e-20 
0.0025214315306109447 2.684607142243504e-06 2.843093362437091e-10 1.3380867294040187e-10 2.39356816814814e-20 8.051801667895919e-14 1.0403602643010928e-20 
0.0016986070445770356 4.5394336354857255e-07 3.6628723161206355e-10 1.8876663318049394e-10 4.785211509679873e-20 1.252890270296174e-13 1.3188244832583827e-20 
0.0019707557022326603 3.889973574398622e-07 3.565406705715653e-10 2.035046912278413e-10 5.2234623531038194e-20 1.2471347169096116e-13 1.6627092838238697e-20 
0.002428748152893849 1.4489861836020937e-06 2.5711022823313704e-10 1.4572934641796694e-10 2.6328256405140162e-20 1.692231884814164e-13 1.0126359429167156e-20 
0.0022093779629364894 7.434104482438382e-07 2.1607733541416986e-10 1.9111615716610938e-10 3.615668278749994e-20 1.619011429925413e-13 -1.4178923166714043e-20 
0.003097311258940836 5.623471345148229e-06 4.8618281438273316e-11 2.0656893994533267e-11 4.862872685015103e-22 4.4550802023641844e-14 4.382555753581093e-22 
0.0023931486048164577 2.3286064674328024e-06 6.091282617186776e-10 3.7668570304454293e-10 1.792950909798888e-19 5.614449722573136e-13 2.0258427961645456e-20 
0.002319326551600996 9.132005003147698e-07 9.136984135706468e-11 6.416432882587613e-11 -4.684866416883522e-21 3.851606662320916e-15 1.4795462490740198e-21 
0.0026491569028415807 2.1077261260698998e-07 2.0546389279092464e-10 2.4278773148218893e-11 -1.5236909780906413e-21 -9.857763106298444e-15 -7.866567461336256e-22 
0.0029774215171313066 5.364013178792335e-06 1.6484716008623712e-09 1.259278569457466e-09 1.766784860426998e-18 2.562728419243006e-12 -4.1276304297092453e-19 
0.0030722540680831554 7.034561799417873e-06 1.430254687889499e-10 1.12525195234917e-10 1.3337581461325249e-20 2.9543995779126884e-13 5.088168544759766e-21 
0.001758699408645529 4.6880850475272197e-07 2.0597295043611958e-10 1.2412234243853177e-10 1.8700643876826103e-20 7.93757199734372e-14 -6.645481675151828e-21 
0.001486182245693486 2.9113127730300943e-07 2.6940773581837046e-13 2.2869227738835594e-11 -3.178585440103995e-23 7.658047056289764e-15 -4.703136175810324e-23 
0.002529866843250736 3.915086623925958e-08 6.214647067976986e-10 1.3071824578116902e-12 -2.87734422701708e-23 2.3351424897570064e-16 -2.36686062126203e-23 
0.0022464740230149815 2.248273543864401e-07 8.796288651302876e-11 6.368667880361359e-10 -1.1842511909555e-19 2.994858093631826e-13 9.325998210295454e-20 
0.002357182103116668 5.7193128583112836e-08 1.0840941477545616e-09 3.6790561890241844e-10 6.77632343061812e-20 3.0949035497055993e-14 -2.2224656676420703e-19 
0.0015961561554748067 4.4774573342525813e-07 1.7689400206092998e-11 5.433671937715638e-12 -4.7128599631544815e-23 -3.101966828896158e-15 -2.4834867984209e-23 
0.0024750444436053482 1.5712367931797531e-06 1.21078413609159e-10 5.702882571486943e-11 3.21621911419177e-21 -6.707265167508131e-14 3.480351300153038e-21 
0.0031981641957251213 6.328340063220866e-06 1.285738941305666e-10 2.006513740762076e-10 8.287379596086777e-21 3.964848073469615e-13 -3.1144714216399954e-20 
0.001283121004414493 1.4508407780122963e-07 8.79963962369987e-12 1.0341593517539005e-11 -8.152327930095555e-23 3.938970997018917e-15 5.5556449988271e-23 
0.0013701942442889887 4.166520103012429e-09 1.0089847161862288e-11 3.2379874854498615e-11 1.7537776723750439e-22 1.676477156414198e-15 5.583741451925504e-22 
0.002507470255285427 1.2988715662788574e-06 5.330929465853579e-10 2.1219414584322195e-10 9.621649163588205e-21 8.647825895498156e-14 7.071611764251221e-20 
0.002277315437346844 5.563261233932925e-07 1.87328533637872e-10 8.019792074496471e-11 9.047959868799526e-21 -5.686064427033071e-14 3.841908007716393e-21 
0.002138547239203067 1.256846750702706e-06 2.358766366117029e-09 1.524488678454603e-09 2.871275390303069e-18 1.6759813794117154e-12 -3.3602816030756486e-19 
0.001998536162590473 3.530998368922951e-07 2.8343645730193614e-10 2.1066652042887238e-10 4.4583455574008883e-20 5.151883577343787e-14 2.5735064470276192e-20 
0.0014572512861695218 2.2768879247005562e-08 1.290890494339329e-10 3.063593673458708e-11 7.91688743976016e-22 -4.419693693263139e-15 -1.756420973871631e-21 
0.0016941548701368478 4.686344422392355e-07 5.559419918998184e-11 1.9686453760463013e-11 -1.0710790217094655e-22 5.66644631878423e-15 6.4240959417894615e-22 
0.0017088417517020075 3.617486294023547e-07 7.772446494526257e-11 3.037845509210682e-11 -7.364726203770023e-22 2.110568039175166e-15 -1.2792950595429725e-21 
0.0012190501603087031 7.396800472845987e-08 1.9497612928803775e-10 2.460250543199706e-11 -4.971635828999383e-22 -4.36765570062773e-15 1.6298197695924754e-21 
0.002294570083863972 2.4178450188408454e-06 5.465101348922478e-10 2.079090165949766e-10 6.056755516882118e-20 2.859059292077548e-13 -3.5257864385314875e-20 
0.0013726441908378513 7.181491177738298e-08 1.413449249820788e-11 1.0797035831741578e-11 -9.716451067807226e-23 1.80541025466507e-15 9.137719134899851e-23 
0.0019904276067409235 4.6949089206580865e-08 8.923675038893398e-11 5.891201916853744e-11 -3.6714589589725355e-21 -1.2691014533034515e-14 -2.1830887727546537e-21 
0.003977212403007793 9.078571370539725e-06 1.1324612599689339e-09 5.341699631230603e-10 2.897384701393505e-19 1.4839885923080057e-12 -2.977582016654009e-19 
0.002581979307388799 3.564466824172568e-06 7.22295179160837e-11 1.0234220000186752e-11 7.487284702449437e-23 -1.348077061041937e-14 -2.6799002832045176e-22 
0.0032405172686562345 4.531858133664839e-06 4.952793537010311e-10 1.6375343842842704e-10 1.657705752304706e-20 2.538501848115468e-13 -4.358912821920718e-20 
0.0013333862770523684 2.7560818645039193e-07 3.4679684961303724e-11 4.486983770038452e-11 -1.6956139670227805e-21 2.5227222798408107e-15 5.07677393145605e-22 
0.0020380975219964135 6.40830605969372e-07 1.2876788280442006e-10 1.9833315032721073e-10 1.713786861701809e-20 1.5273581374725697e-13 -2.6662598921151725e-20 
0.0018860970114773419 4.035895122464908e-07 1.1044826397736934e-12 1.359019900226914e-10 1.3320624365979202e-23 3.53333468462927e-14 -1.6649617947844337e-21 
0.002349615258616121 2.136372975086617e-06 4.114834138225697e-11 2.1470662195730758e-11 -5.632597297226637e-22 -2.8201577128022528e-14 -3.000238659498897e-22 
0.0025792035361053567 2.408342546233692e-06 5.636877262310452e-10 2.6592418981578047e-10 1.005610142109169e-19 2.983247754655872e-13 -2.2082457051297413e-20 
0.0021926091281542675 7.763287821612019e-07 5.781831977160288e-11 1.2570502159048157e-10 -9.605837797268791e-21 5.826960649722888e-14 4.751405757345571e-21 
0.0018885331372824222 9.658523375832507e-07 2.2624057057964608e-10 1.343436115129107e-10 2.1177156322862882e-20 1.2866223818610339e-13 1.0004237925338794e-20 
0.0018772475423950877 1.2207825474367655e-06 1.3758660429126789e-11 1.1705795068732187e-11 1.483880772833591e-22 1.1968566004436687e-14 -7.056050204129708e-24 
0.0022791884913492505 2.5502438039556064e-06 1.0716595533307022e-10 4.290639232727906e-11 2.0176777346864837e-21 4.8718505813422194e-14 -2.096162249764919e-21 
0.0016646449956957215 6.493879534488613e-07 1.1210486001846444e-10 2.635625560836392e-10 2.5154924037092093e-20 1.9985724572727127e-13 -3.7678825794498145e-20 
0.0016802283572858925 6.529637752594532e-07 2.4581887742660155e-11 5.269560376599956e-11 1.3606377571926162e-21 4.1973121315210664e-14 1.3212296911183829e-21 
0.002042786427512127 5.811847921091455e-09 2.4427914669132726e-11 1.4917066301152644e-10 -5.287975119438321e-21 -2.829351274146648e-15 7.288456434831721e-21 
0.0015935378571132123 2.385942292930203e-07 2.635334181913476e-11 3.1613650047161484e-11 5.564532513054892e-22 7.383284303029442e-15 7.2319035029241845e-22 
0.0025356859300122445 3.699676756758739e-06 6.750587709559976e-10 6.432958529378057e-10 4.123146486537926e-19 1.2191051427257233e-12 9.852558359518195e-20 
0.002385195886756771 3.654571075853545e-06 6.349425165746895e-11 3.795230317838558e-11 1.2660481316011385e-21 6.90389661493052e-14 -1.3667757008086766e-21 
0.0015954484083449995 4.797928656960003e-07 2.162185873594338e-10 1.960767404545409e-10 3.222479715745895e-20 1.3578870227757732e-13 2.4320795861155814e-20 
0.0024938881615544934 2.2858687459154296e-06 2.5785504157005643e-10 1.0347996792081292e-10 1.2837055254809413e-20 1.1990913742001803e-13 -1.0996933207518709e-20 
0.0026889143976833447 3.616178740823629e-06 2.486152856017918e-10 9.784762453499624e-11 1.47935795272057e-20 1.0805534683358566e-13 3.748991548000714e-21 
0.0018043305474965843 4.167854807599092e-07 4.358570486791081e-11 1.86123292756714e-10 1.1689908308051227e-20 1.1935849520644773e-13 1.2015485181607177e-20 
0.0024683021292504076 1.3098078049785904e-06 1.203881607756023e-10 8.612767259266842e-12 2.6129788833886687e-22 -6.19123273374705e-15 -9.294389490366549e-23 
0.0018868710599332474 1.031773655042186e-06 3.6374777340461383e-10 4.83480231077138e-11 2.602711837269332e-21 3.954196087506158e-14 5.8595949241166764e-21 
0.00243536443764505 4.090736483663352e-06 8.195149835730545e-12 3.1446168911875488e-12 5.468534997306007e-24 1.0320778000441437e-15 1.4997691224671402e-23 
0.0017215959444255092 3.824243095808273e-07 2.946502412593221e-11 4.1019534894916275e-11 -1.2285863302218682e-21 4.149719747116801e-15 7.240432802100556e-22 
0.0019229021574522038 5.077017523159287e-07 4.398743022417591e-11 8.29480417194715e-11 -4.1961021567045146e-22 2.0304441586540185e-14 4.992811125468308e-21 
0.0015692889214835473 8.751713260994907e-07 9.89980819865786e-12 3.120522401005959e-13 3.7502279613483824e-26 2.80867341444262e-16 -5.47188226808558e-25 
0.0017485912691024823 1.0452717752199414e-06 5.52700346770862e-12 6.127486607676914e-12 -2.0461720885188506e-24 6.181243538226254e-15 -3.5600184762002797e-23 
0.0013647236682844406 1.3765694531088972e-08 1.9209737021795764e-11 4.5865403557011574e-11 6.944478576260061e-22 -3.769511760876501e-15 -1.1709722305289649e-21 
0.0023144210367031745 1.124161044604511e-06 1.9095948483373614e-10 1.1436340440452709e-10 1.0592172116492903e-20 1.2015362852264537e-13 -1.316947209429339e-20 
0.0021441895042639686 4.3252111621807364e-07 2.522855705148623e-10 4.2518452056140146e-12 -1.0099584250298704e-22 2.6587569673630857e-15 9.587458238261786e-23 
0.0013423798390068413 1.855024760011144e-07 7.358325733158395e-12 7.846646028379559e-12 -1.4765233376536499e-24 3.339924877830694e-15 -5.960495805599618e-23 
0.0020378942637927565 2.934876547122066e-07 4.6235049962154865e-10 5.5445589858118376e-11 -7.442728867208363e-21 -1.8295698724012938e-14 4.838817924479686e-21 
0.0026872208363832558 3.3946813828211505e-07 9.921082445909033e-10 5.433390082341522e-10 -2.501391047750218e-19 2.158325539951408e-13 -3.107533257961591e-19 
0.001990218896240118 1.387705426897759e-08 1.2002272535567622e-10 9.096712680318623e-11 -8.4677919369663e-21 -1.3394656496017533e-15 4.317888542700757e-21 
0.0018174893336397992 7.70294677513777e-08 1.1695251983870805e-10 6.93852364525196e-12 -1.7675071060423733e-22 -1.6037164154898402e-15 -8.84661108125936e-23 
0.0012198857601385866 2.6615927699823173e-07 1.5891649891806516e-11 2.9812249708988256e-11 5.457104668339143e-22 1.170599329364404e-14 3.510969348898942e-22 
0.0016578673680686827 2.1707683940261297e-07 6.735975843085711e-11 4.484742125961168e-11 -1.4978302236623299e-21 1.4227360356137802e-14 1.9576611662781487e-21 
0.0016576018043294866 1.0925972339436123e-07 2.3021189322126787e-10 1.5095489953005203e-10 2.783436219953458e-20 4.9715013308368054e-14 -4.140839965575863e-21 
0.0012933811971987076 7.267065943923632e-08 7.792499990842461e-11 1.12972599105183e-11 2.473932355615072e-22 1.5149493743152687e-15 -2.261693209809012e-22 
