0.0019273709130087026 5.730549179363217e-07 2.11428742830704e-11 3.663591791879947e-10 1.9984640687192886e-20 1.9750343483192465e-13 -2.5303351397153914e-20 
0.0024910985476339423 1.3017869933386894e-06 3.849916333721247e-11 2.7716925415101545e-10 2.5855758590889417e-20 8.624274659156913e-14 -1.2297936166461413e-20 
0.003077946819650977 1.009617860319827e-06 1.001473286716213e-09 7.919232228447413e-10 4.980605061248835e-19 4.889142691607995e-13 -4.993155930140183e-19 
0.0035485099081287927 2.6858440309935667e-06 1.2630027683778525e-09 1.010882910988894e-09 7.350740629767466e-19 6.715831122523599e-13 -8.742738243859038e-19 
0.0017815897317231086 3.744336608284425e-07 2.0912590870155568e-10 3.2079732487459745e-10 7.042585570960419e-20 1.7435635147676358e-13 -4.409293915086834e-20 
0.0020110788412143372 8.070867459478292e-08 1.5952458944313051e-09 1.0023125916888158e-09 -1.1321191841684683e-19 -1.7488002736908766e-13 1.2623478234584637e-18 
0.0020832989741427655 3.493489602240617e-07 1.0367935035330243e-10 6.606155280143286e-10 1.6876260461126342e-19 3.75470042118253e-13 3.7550717208410735e-20 
0.0014028428543836993 2.4465634040309756e-07 9.25575415439683e-12 1.000695837771242e-11 1.6438162808589134e-23 6.585517775642544e-16 9.489402465727716e-23 
0.0015190374816856584 1.5147193433638041e-07 3.2403833550498735e-11 2.4147241873387286e-11 -2.598039243900076e-22 9.045867134031238e-15 -6.234964606123965e-22 
0.001484375525255192 1.6754060612763144e-08 6.760101857627589e-12 4.82511685940603e-11 -7.742804685251575e-22 -1.7708610748802773e-15 3.998756286361068e-22 
0.0015143053074441375 6.918895859483552e-10 9.163084024577704e-11 4.865373919852259e-11 -1.5758814487616127e-21 -1.0094465733180587e-15 2.840765312108605e-21 
0.0017966701553385064 1.2082425196724017e-07 3.770421628996486e-10 1.4031999502593696e-10 3.000930210156391e-21 3.96666041824892e-14 3.213578465841042e-20 
0.0022210458334095654 3.8253800047721734e-07 1.1907589192529308e-10 2.765613840425591e-10 4.880890259603144e-20 1.1276003939237144e-13 -1.168412347605791e-20 
0.0014954292379402814 2.0285777247362604e-08 4.274499180457712e-11 2.7627666776215956e-11 -2.608292982274983e-22 2.9896349999071084e-15 -9.128903137981652e-22 
0.0019475859420454334 3.058634711660763e-07 7.931632921302931e-11 1.898387168107936e-10 2.294014475874684e-20 1.0059223840277162e-13 -4.049224656051242e-21 
0.001495925334187182 1.7888410115850393e-08 6.80168156516388e-11 5.754255037290576e-11 2.68889764559644e-21 6.977949713926115e-15 2.3935729093429e-21 
0.0026599100594515103 1.190816800460713e-06 2.9394365820241916e-10 3.608274276577108e-10 1.0444384707384586e-19 3.9216905707926764e-13 5.385627586024233e-20 
0.0023731096578454144 8.961903306336338e-07 2.4542916000659796e-11 8.518703312673049e-11 9.885147669683993e-22 3.27100803669025e-14 3.767621466798825e-21 
0.003202221880511425 4.386742019852489e-06 2.1174483925275216e-10 5.6355957915312996e-11 6.147016709833323e-21 8.80164146313778e-14 -3.370256410824335e-22 
0.002563032548639186 9.374449491640304e-07 1.1268182949691703e-10 8.906820450984555e-11 6.656561717607516e-21 7.107063210928116e-14 -5.942234522706808e-21 
0.0016022308356005532 2.6035813925004516e-08 5.1926286219542404e-11 2.387337079033141e-10 9.539810308424078e-21 2.8331716184855484e-14 2.480964690908716e-20 
0.0014040315350980028 5.539032856879138e-08 2.4012242601671983e-11 5.503070161868872e-11 1.010390936375864e-21 9.869318172304497e-15 1.726511215528381e-21 
0.0016636226500938815 1.3691970934369596e-08 3.688742721276134e-11 5.733621717821425e-11 -1.6928702062170665e-21 4.515265920039397e-15 2.0216533651855167e-21 
0.002554282415037909 2.521823425966467e-07 2.658081101511888e-10 1.3491214819104897e-10 1.0653838233298935e-20 -5.0782497482462064e-14 2.3220840534175386e-20 
0.001444687260676504 9.813956758615354e-08 5.3320028028989585e-11 2.2165991270512487e-11 2.06976947720917e-22 3.249633999235417e-15 7.333897772016102e-22 
0.0018019563851022634 6.668394989172561e-07 1.6667727990874339e-10 3.386303514466161e-10 5.777942673022956e-20 2.5048097439146933e-13 5.598008065387985e-20 
0.0022019708815370605 1.6527452862770942e-07 8.116544649212707e-11 2.5093121232139977e-10 2.932059866030592e-20 9.526725705561486e-15 2.056057204955478e-20 
0.0017280600040899797 3.849347240744776e-08 2.1771620043550343e-10 2.690405960644325e-10 5.680944238389197e-20 3.956063853254706e-14 3.1819424713041116e-20 
0.0017644532681298018 2.7466675892999525e-08 1.217127016684272e-10 4.726768335739888e-10 1.0849166883975568e-19 6.904066259559738e-14 -3.2913194728712e-20 
0.002104326973213808 1.7824511837915638e-07 2.108172685341177e-10 7.494537330096116e-11 -2.2816513616830272e-21 2.8485291407820094e-14 -9.139934736900178e-21 
0.0017408830499198074 3.7036334039658065e-08 6.038453093456799e-11 4.157567715263507e-11 1.3360844771279434e-21 -1.5435467326816374e-17 -1.5982547431897857e-21 
0.0017460982867767974 1.3203622299027817e-07 4.942775293609192e-11 3.490243430406589e-10 2.7174843405131155e-20 1.062620917133785e-13 3.691977295532771e-20 
0.0016401370693242478 2.1317792342066304e-08 9.979642475006985e-11 2.2543739514553305e-10 2.4161083602065963e-20 3.2332857887314466e-14 -2.3656457913808202e-20 
0.002216411909531123 6.038423943071816e-07 3.276788882800405e-11 3.2646560859251545e-11 8.90813126635126e-22 -2.520897963964315e-14 -5.887264019170214e-22 
0.0033005343178659674 3.844187203576631e-06 1.3091707661954455e-09 6.379869859235748e-10 4.866247170630244e-19 1.2174873672020843e-12 -3.211844752890487e-19 
0.007053724809225446 4.376725688334827e-06 2.1812138995914206e-08 1.052588747154739e-09 4.428992321274408e-18 2.0934574648489147e-12 2.412784061112694e-18 
0.001750423659754232 1.5501299431629197e-07 2.3680260780959405e-11 2.2457715404343397e-12 -8.322303899274708e-24 -3.581368056926965e-17 1.4105117669851895e-23 
0.0021736461722070824 1.4952100386278322e-07 1.1540772924012812e-10 2.4851483349585373e-12 -2.3052723954496966e-23 -2.644920478345217e-18 -3.5211798943295534e-23 
0.0018497147688635068 1.8650500489353753e-08 9.748094977324154e-11 1.1973334668382629e-13 2.928260852786186e-25 -1.6254925412327626e-17 -2.856213123747248e-25 
0.0012475669214705996 4.848993905959498e-09 5.296618663527077e-12 2.8642758303787767e-11 3.454231241300854e-22 8.651927637677563e-16 7.17405926947447e-23 
0.0009866205673212632 3.4992197802747715e-08 8.57468002599363e-13 1.04777424876186e-11 3.045738878384094e-23 1.864183118046403e-15 7.659950256952759e-24 
0.001502105069747375 8.341572611734686e-08 2.3685328170305928e-11 1.223147666545655e-10 6.272607246397568e-21 3.5323157922561716e-14 1.9992773956848606e-21 
0.0014812238174604616 8.694317597294992e-09 1.4110010616570712e-11 5.593638814840181e-11 6.920778246091905e-22 2.740471529900376e-15 1.4108639964169243e-21 
0.0017437288615868383 2.012422091474428e-08 1.7383518570936868e-11 6.43919328838075e-11 -1.5715122192216378e-21 -8.965699268033357e-15 1.4736242556941382e-21 
0.0035388154687127716 2.399609685025845e-06 7.50659120648302e-10 6.378386441445929e-10 -5.422218191649598e-20 3.5808359479523977e-13 4.380111969429855e-19 
0.0019951415007807435 1.9153719412866117e-07 5.947543663112988e-11 3.4779576940492526e-11 8.396886096134139e-22 -1.1673101255703762e-14 1.340543473994412e-21 
0.002055362494970182 5.355848324678355e-07 3.997591281108885e-10 6.79885105160129e-10 1.4836018107656194e-19 2.797046650543184e-13 -3.2190466779436024e-19 
0.0020959805184722485 3.122382590801752e-08 8.278362156195323e-11 5.0655149063540774e-12 9.937961982200763e-23 -2.604570911641006e-16 -2.9728169989926216e-23 
0.0022135279159306393 1.8454231635138492e-08 1.8819028851500738e-11 7.032343350817383e-10 5.572908212788205e-20 -4.3776968602390426e-14 5.864371159576075e-20 
0.0015901255217567753 2.0501746757812385e-07 5.914655326960217e-11 2.0392045491488116e-11 6.16975894945537e-23 -5.0211255329055416e-15 -7.055073446863015e-22 
0.001612641668771789 4.715101201677947e-07 1.559770558894201e-11 9.171531699111255e-12 -1.0297535261278205e-22 -4.549417334375772e-15 3.780768144305675e-23 
0.002986772879186382 6.460379087150939e-07 2.0582392455900484e-10 4.3131219764034846e-10 -6.60579374647293e-20 -3.0251246354833965e-13 1.1023186295648178e-19 
0.0028791854520750625 1.369944208626261e-06 7.101686425048774e-10 1.5698840098736366e-09 1.3685992936468704e-18 1.804699364142026e-12 -9.352024147631056e-19 
0.00171345380239142 1.8956372342312527e-07 7.284368992351878e-11 3.413008045423507e-11 1.7001223653945695e-21 1.1366431474676852e-14 7.496258310448854e-23 
0.0016250195845037066 2.1829980464423316e-07 1.4010871374719376e-11 5.678047602637409e-11 8.805798973078252e-22 2.3341137371561058e-14 1.337696001773631e-21 
0.0014062520180972593 6.138115678364873e-08 2.381330913519793e-11 4.146947292720123e-11 3.8622425277915934e-22 8.513384524822483e-15 -1.2446265264882673e-21 
0.0018388238661383766 5.182993374987641e-07 5.811106090737781e-11 3.9215095051428294e-11 1.863332511729979e-21 -2.2249826139335653e-14 -1.8008853962059328e-22 
0.001360791326243507 3.6984122915406835e-07 1.139494412778723e-11 3.222083786509864e-12 -1.9353018631597027e-23 1.8504282501075102e-15 2.5756863164788295e-24 
0.001986590719934865 4.478988221894455e-07 1.8831516997061686e-10 3.9432754500667936e-12 9.028690606783975e-23 2.387740401375024e-15 5.826612966315763e-23 
0.0017129885582923 1.1013439560706338e-07 1.1973986312177543e-10 5.585592426360323e-12 1.3462016631080208e-22 1.1347527068921719e-15 5.238091923321616e-23 
0.0028795670955966282 1.80201743040662e-06 1.0310663710483478e-09 5.307306205129366e-10 1.506953951489684e-19 1.2051427456517732e-13 -3.6253091289833533e-19 
0.002156949139993301 1.292613492618874e-06 1.3739646732483297e-10 1.0839780564919849e-10 -9.542530954163262e-21 -5.786163893130919e-14 -9.161860941346077e-21 
0.0030478680224215733 7.263958264989937e-08 2.1265012333153043e-10 2.7802043574025563e-10 5.690881432058687e-20 5.4236354105632506e-14 3.648523221590764e-20 
0.00216352754548796 1.0236292242563634e-06 6.302686585597084e-10 4.701038710292039e-10 2.411360709916512e-19 4.665397010588917e-13 -8.563394505072165e-20 
0.0018766098406317682 6.661482913256055e-07 1.457753656491154e-10 4.1528732715480094e-10 1.0211961597465951e-19 3.307469551592074e-13 3.506770781261747e-21 
0.0017576396803520484 6.946251593720518e-07 3.095092686566126e-10 2.594733463342224e-10 7.316869738227753e-20 2.1155698353932093e-13 -7.29974620283711e-21 
0.0017285966374119078 9.055133696027576e-07 2.420254913980594e-10 2.656988431251984e-10 6.68009540907752e-20 2.5130773742375936e-13 -8.795643063145358e-21 
0.002093166524972063 1.3099622880123372e-06 9.119138732596656e-10 4.266739539260669e-10 2.642672886695918e-19 4.6982615149926e-13 3.1573311680782076e-20 
0.001909632043262704 2.3307239661874115e-07 8.846079990656136e-11 3.082997268982245e-10 4.880695015809851e-20 1.4728278067812494e-13 -1.449455816254325e-20 
0.0018420959087614448 6.881670190734727e-07 2.1073024863965775e-10 2.378241398709502e-10 5.2617897716994e-20 1.9599551978537826e-13 -8.122547276367207e-21 
0.0016653859165973411 3.8309979314911944e-07 1.1081077395049121e-10 1.7919196105929266e-10 2.524348620032233e-20 1.0675827965920999e-13 -5.921298256118251e-22 
0.0026357676712317254 2.091984704341568e-08 9.649983076568644e-11 4.767587238274512e-10 5.725867302050833e-20 6.754336310298507e-14 8.472788750251321e-20 
0.0017783101471269304 1.9636361033298725e-08 2.02804087339076e-11 8.479070760831987e-11 3.1342464318638175e-21 -9.68321235561215e-15 1.5935593367080053e-21 
0.0013198155803764862 7.161297835158484e-09 5.10085476296441e-11 6.373664210466238e-13 3.577867612954136e-24 3.842348508553658e-17 -6.372248343655503e-25 
0.002007594103216755 3.476155307560255e-08 2.6035596235236147e-10 6.877481354043223e-11 -3.1443811089592785e-21 -5.727079084478702e-15 -8.649131827465997e-21 
0.002121559188316807 6.830908036636884e-07 2.483690660479298e-10 5.379387394645604e-10 1.0538450171194762e-19 4.410495741035151e-13 1.66003445692998e-19 
0.0021149511876868074 2.5354828078856136e-07 1.2780010532992636e-12 1.3567410435511202e-10 5.2906786910235355e-22 6.734737800967458e-14 -1.7063960470241038e-21 
0.0024472887300735187 7.211569219722041e-07 7.878970822983604e-10 2.3649212351946223e-10 9.215782126416884e-20 1.9738756487118548e-13 4.391103817430306e-20 
0.0014317493106708495 3.325970123041346e-08 1.2072884902507275e-11 1.111074677432187e-11 5.993143098360922e-23 2.0149231389161416e-15 -1.138748399073653e-22 
0.0012748769826835624 1.2519391057737534e-07 7.204433841621191e-11 9.293072321695091e-11 7.450404489901022e-21 3.2827925663964204e-14 1.5203406915738609e-21 
0.0014346886358248467 3.5509218817006085e-07 8.994703075694183e-11 1.0613545557924222e-10 1.033430064936199e-20 6.305958036831016e-14 -8.61278328201318e-22 
0.0016974262190547018 7.970618163427066e-07 4.15865590798218e-10 4.755525606977683e-10 2.1146786132603915e-19 4.215558102053752e-13 -2.481837555310851e-21 
0.0017274428863444254 9.810476730335205e-07 8.555154497460388e-10 8.803171553302942e-10 7.625221070480115e-19 8.696453063933843e-13 4.690889983865241e-20 
0.001615004783366575 4.1620377942640675e-08 9.423151582528037e-12 1.0575460866830697e-10 3.1627942156353e-21 -7.979145186853406e-15 1.0686872030335397e-21 
0.00295900083453736 1.5749725932278575e-06 6.290936994575064e-10 1.1265274371524173e-09 5.686378323078767e-19 1.1220909994166558e-12 -7.589635665309924e-19 
0.0016994520111088614 3.473392308538321e-07 2.668940133884794e-10 2.19969852415577e-10 5.329753570388305e-20 1.2818426215662983e-13 -3.033032841510688e-22 
0.001904573553122118 9.09596285678754e-07 5.241024971090048e-10 4.3394587731870256e-10 2.0678359194682377e-19 4.1176033608079813e-13 -8.250233481580837e-21 
0.001932678393400312 1.2039793449505292e-06 6.685962296674646e-10 6.766633675158332e-10 4.550954956312682e-19 7.414410777640195e-13 -6.053983533741752e-21 
0.0019567698701757367 1.403719889329704e-06 8.423083300973416e-10 8.145313031318376e-10 6.740847852003741e-19 9.624612816334797e-13 -2.83108840590474e-20 
0.0015123882785374227 2.758653979323953e-07 5.467217120978077e-11 9.293414307992966e-11 6.425993164038073e-21 2.968025452210279e-14 1.6090986241217689e-21 
0.0025650573994590252 4.55283030896443e-08 3.942996537359839e-10 2.9222342892674585e-10 -7.909393944840753e-20 -4.7471132417478504e-14 -5.98632935750602e-20 
0.003534672423340742 8.91401812493635e-07 1.9979938424752567e-09 1.1898341274456766e-09 1.365315218430092e-18 9.355351426880133e-13 1.2253342062896032e-18 
0.0020559476527191173 8.621150294779301e-07 8.150422087538753e-11 1.0837438662413082e-10 -9.776580344364349e-21 -5.876694073413363e-14 2.85688231702629e-21 
0.0015095359199234905 3.4464409858713327e-09 5.667559742289903e-11 8.986295238544842e-11 2.2054114456467103e-22 -3.848987091181498e-15 6.4093225135457864e-21 
0.0019178401939778903 6.621663192134647e-07 5.968705125032103e-10 4.6096486215633776e-10 2.243911309015643e-19 3.6711039780626543e-13 -9.006639679488221e-20 
0.0014287512446262418 4.517174746838846e-08 5.2384428674654745e-11 3.6751651230946765e-11 2.567044975362028e-22 -3.7759389786739325e-15 -1.5919983149299842e-21 
0.001241231083643031 2.1138384206716602e-07 6.700241184960077e-11 4.8237303137187866e-11 2.7413532707890694e-21 2.1722875382869053e-14 7.319279114228627e-23 
0.005581195546323241 2.7318685703358714e-07 4.277061290334703e-10 3.842529436445631e-09 -4.052539817129964e-18 8.050721383375374e-13 -2.8005104912482347e-18 
0.0016543320183973142 5.160402053318378e-07 1.3415522818066032e-10 9.655983268598973e-11 -1.106598622819644e-21 3.024571042190814e-14 -1.0934167591958397e-20 
0.001676529280477996 2.7333091842028676e-08 1.1084980350079593e-10 6.569060908521563e-11 3.0422096516149928e-21 6.394020310890945e-15 -4.708264446430107e-21 
0.002417780205169205 1.7889073367153926e-07 5.66570819197731e-10 3.3196397370534993e-10 -5.058314785460185e-20 -2.6740333415061846e-14 -1.3478834314283692e-19 
0.0014334554939878195 5.983101056055996e-08 1.466359266595204e-10 4.7362042832349465e-11 2.14930887138767e-21 -7.116372635838683e-15 -3.3104663733045755e-21 
0.002754941878424684 2.4332261888080225e-07 8.453351638448747e-10 9.553467227386038e-10 8.578027742146667e-19 4.704106665550031e-13 -3.5354258285228795e-20 
0.002560227984162782 1.7803784688546617e-08 2.3173953596946262e-10 4.4437173575566254e-10 4.4095986419599284e-20 2.340317531526369e-14 1.3561091806632234e-19 
0.0017261519053204805 6.594837286426323e-08 1.7581529694833912e-10 2.0553209069035873e-10 1.4310958824768112e-20 2.1107508698913854e-14 3.635508400728315e-20 
0.0021160273187050315 4.957857010979548e-08 5.334502331480475e-10 4.3069212691179487e-10 1.7289421778897566e-19 8.95109885985178e-14 1.1280846899291376e-19 
0.0021883626348598592 2.0886769771057877e-08 4.2877795703109105e-10 4.82454148429389e-10 1.9973539299179451e-19 -1.9979588935065914e-14 9.086390325029594e-20 
0.0013285127895248034 3.188460378888326e-08 5.07188002061038e-11 2.845258140123142e-11 4.706182109877595e-22 -5.0591535754054575e-15 9.730178166905111e-22 
0.0019765561519794867 7.282687946687631e-07 1.6778244002722983e-12 1.4199195946747434e-10 2.186461660453375e-21 -3.3706062165223852e-15 -1.5054518094775697e-22 
0.0014940456437679398 3.376206235405481e-09 1.878736593872686e-11 4.65619774337988e-12 -4.13905955802614e-23 -1.6558486912432035e-16 -1.354069631633588e-23 
0.002041215523975212 2.989586931117585e-07 1.5844807346457103e-11 6.537531531251292e-11 -1.125587319045791e-21 3.363154040857672e-14 -1.7777078339151613e-21 
0.001499720437832067 7.325522330877701e-08 8.717156842121837e-11 1.0077759835628234e-11 -1.8481404800402356e-23 -2.672448113715574e-15 2.981264729292508e-22 
0.0012272125869404926 1.696650790204755e-07 5.888612936711198e-11 5.256367841270606e-11 2.555823201417555e-21 1.6252424981108222e-14 1.4212031096119403e-21 
0.0018770744340355604 9.964120865768772e-08 6.105497630394661e-11 2.980935492948554e-10 3.4473136236089876e-20 -9.121697470955827e-14 2.070891089248173e-20 
0.0018653445725353365 2.9856568761297665e-07 3.377943046100867e-10 2.5228229391595046e-10 5.022988878756583e-20 1.378057177416353e-13 5.3859727953052205e-20 
0.0016877965437454112 7.19922025489153e-09 5.244542380731982e-12 1.1205258143113742e-10 -6.938448992486056e-22 -8.347803683275322e-15 -2.6262456426291948e-21 
0.0016379970519862623 6.734699111928333e-07 1.0901578017543967e-11 1.1006646403523825e-11 -9.539015308321944e-23 -7.009628447513753e-17 7.373626355642423e-23 
0.0015706113113831874 9.710241062495904e-09 1.5838550639701887e-10 6.201954825715625e-11 4.874404593494063e-21 4.2684796092308886e-15 3.744809342330058e-21 
0.0015974107945903155 3.724525357758737e-08 3.463086670547394e-11 5.557524683245487e-11 1.204457573713103e-21 8.883596312986238e-15 2.1198291446114844e-21 
0.0018081376588724818 7.452819075963826e-07 2.2123133041870297e-12 5.520232144648106e-11 -4.978788976804693e-22 -3.9764834785712523e-14 3.5251545424028547e-22 
0.0020035591546638553 2.2104725802827572e-07 9.89720787294997e-11 4.1763562032066297e-10 5.701511870249161e-20 1.6642830762531013e-13 6.291882571506535e-20 
0.0016576055769522379 3.022483178573993e-08 1.2895741415144964e-10 7.547164367608204e-12 2.216734417636143e-22 5.658345297075481e-16 -7.935762498573159e-23 
0.0014719629313021774 3.1167894799586017e-07 2.8989309856134842e-11 1.7699275030267455e-11 3.1309577635941767e-22 6.348255263689462e-15 2.50407189670422e-22 
0.003782983815157924 5.229524500737891e-08 1.781483431539766e-11 1.0499017107316394e-09 -1.2332741968762285e-19 -1.7341865439376138e-13 -7.353539429359965e-20 
0.003233054652056568 6.971840539640558e-07 1.3887157510802512e-09 1.653610445198007e-09 2.0250275539201563e-18 4.341096427390033e-13 1.4760043032904969e-18 
0.001873016481794941 3.330437325144425e-07 6.317503850444395e-12 1.711895951710311e-12 -3.192104027921459e-24 -5.374125789341021e-16 4.637295815781474e-24 
0.002662933405308696 7.778967664064191e-08 8.660684398772621e-10 1.8505327619252673e-09 1.68986576610373e-18 1.8594700433099242e-13 1.6225637590666818e-18 
0.002113263906615085 4.0472439368382435e-08 1.5301543456541734e-10 1.900282729676724e-11 9.055060983437451e-22 -3.5068518687602367e-15 4.796458785148859e-22 
0.0021770275985260458 5.571307544736621e-07 9.423498699018463e-11 2.1985238583056243e-11 -1.3726676698890656e-22 1.4270272403366717e-14 -9.912383861557358e-22 
0.0016730519702829634 2.2944481145954743e-07 6.158725483356642e-11 4.196282588884358e-11 4.165591919337315e-22 8.9050898522098e-15 2.092187830740633e-21 
0.002119141584258191 1.2675196509266864e-08 1.2232673551932491e-11 3.694974901707209e-10 1.5092266825354472e-20 -2.4889380309973313e-14 1.9731293264364032e-20 
0.0015695978880816536 6.756788804322956e-07 9.153955018847065e-12 3.766616088646744e-12 -2.6685379073105086e-24 1.5149256314567275e-15 2.1955689903955457e-23 
0.0013828098040178341 5.808628633434388e-11 9.372049239636541e-11 1.0000668842921562e-10 8.780751362523565e-21 7.471276887688325e-16 -4.078934229684961e-21 
0.001807138705826398 9.36999242057146e-08 1.2566469204453486e-10 2.0079608427666393e-10 -1.0708247443082607e-20 -5.520530838213264e-14 -3.0045025923150153e-20 
0.002209076368857415 1.8379151031736597e-07 6.20505609106893e-11 2.060152626488493e-10 5.59777706103301e-21 -6.364238087773897e-14 2.261017591443047e-20 
0.0021300291105013592 1.2902553174042887e-07 8.527213052236425e-11 1.754887228551611e-10 1.4119698859313342e-20 -4.659510477418275e-14 1.6170311391344858e-20 
0.0016724170561223995 3.0966545953563863e-07 3.772017040731285e-12 1.2891915831589544e-10 2.1340674355960733e-21 2.2969139865057838e-15 -1.878267786345808e-21 
0.001719684515978191 7.570671138888315e-09 3.072037161912228e-11 4.590503347698811e-12 -1.1867243915156942e-23 1.8118067507114475e-16 5.320606283431265e-23 
0.0017869340317637978 1.4003424408656176e-08 2.820522702977928e-11 2.3995217513617005e-11 -1.574801365040992e-23 -2.5563011357272354e-15 6.240416757922406e-22 
0.0015879128105132914 2.5901291443883515e-08 5.5932694902309937e-11 1.875993614265464e-11 -3.422653523620062e-22 2.1334532000017775e-15 -5.02133299842652e-22 
0.002516479866667664 2.1161407021197607e-06 2.0840497119441873e-10 2.490341664987612e-10 2.2438718892303632e-20 1.7006101104502107e-13 -5.210792974964347e-20 
0.0016649217123989811 4.689421743432539e-08 1.8604377877480928e-11 6.186191655008635e-11 1.5070917897597178e-21 9.620495998429274e-15 -1.4604996509592642e-21 
0.0016533510454363664 4.337529950915721e-08 5.1338640310024396e-11 1.7885087495735194e-10 -1.713446870717902e-20 3.0831844481624683e-14 3.4524651414508354e-22 
0.002622081612205494 9.780235669266559e-07 4.5781210187506526e-11 3.8458320988758467e-10 5.049583641083999e-20 3.147429390077158e-13 7.367084109027886e-21 
0.0019291196663376179 1.757413960989434e-07 2.786934414014336e-10 3.4040755538405973e-10 1.0020709362803621e-19 1.3360476929780875e-13 -3.0850336015619034e-20 
0.0019897975409779015 4.2011117768379615e-07 3.4352278842362034e-10 4.342681579045062e-10 1.428764554591269e-19 2.5735216257527853e-13 8.786461617048393e-20 
0.0016340917516565346 5.296502261387284e-07 1.5862915682555696e-10 1.922222676878523e-10 3.3549070674793594e-20 1.39880890880338e-13 1.0597385889859402e-21 
0.0016217942704300282 6.814756679422369e-07 9.276929388967692e-11 1.973760970434262e-10 2.6234614999759178e-20 1.6187945582631652e-13 -5.007070862964315e-21 
0.003281943434425028 1.511610985197277e-06 6.099438995705915e-10 4.67670586488626e-10 1.939316478031859e-19 5.049150446994203e-13 -1.5741603651410772e-19 
0.005928066292102816 2.5905114896145085e-05 3.7961772188251404e-08 4.209406721790903e-08 1.682037765632387e-15 2.1423723819578075e-10 -4.6910557955485907e-17 
0.0026908981933867824 2.9407283610067033e-06 4.832914168477988e-10 7.805730909900145e-10 4.1036970274628497e-19 1.3374141339041154e-12 2.4789012202459053e-19 
0.0017802589080523705 5.765461048395007e-07 1.0412210942240752e-10 4.220484497298184e-12 -5.738471398500842e-23 -3.0407465107437785e-15 6.733956739464109e-23 
0.0020642344006360455 1.2398563737224365e-06 2.3980787000645516e-10 1.1628150692373836e-10 -1.6258524390769918e-20 -1.292787115447883e-13 1.0616369162980397e-20 
0.0023318248561276754 5.586016102840994e-07 8.129580437837185e-11 1.9297880936635288e-10 2.2436589624121105e-20 5.307134763241675e-14 -8.991503271479235e-21 
0.0023719520472333003 7.561187130106463e-07 3.124212196696029e-10 5.061384602450524e-10 2.0124012793608438e-19 4.115314969850641e-13 3.3366046496175685e-21 
0.0014412501273350846 3.203400740350925e-08 2.90137682102242e-11 2.1976126057822517e-11 -1.9329185929174522e-22 -9.859237284559828e-16 -5.201655417640088e-22 
0.0013305344689971252 8.874164702542889e-08 1.5403503037268434e-11 2.2471220159196257e-11 4.178895869792741e-22 -1.8744676547966343e-16 1.2304596129621507e-23 
0.0029869343886638664 1.3434359039016194e-06 1.2990272894260432e-10 3.7247582166550665e-11 -1.8867047122112753e-23 4.3132467967951515e-14 -2.5908648122432834e-21 
0.0024731700494681525 1.8753262144440696e-06 2.570285850052576e-10 5.810090147230075e-10 1.2351001197036926e-19 7.344578119372247e-13 1.8750153444791352e-19 
0.001808352071414297 3.2281414817476865e-07 8.14215044331655e-11 3.671183713642549e-11 -1.643993406229006e-21 -1.0147544148372569e-14 -1.1514845004834752e-21 
0.0018420811935189931 1.2358488612122846e-07 1.1729336802730272e-10 3.945089587087857e-12 8.471413171328445e-23 1.3584531337522209e-15 5.036447497466171e-24 
0.0016547363659574462 1.994585653987631e-07 2.854162027879907e-11 1.6244940885927115e-12 1.060196081239223e-23 -2.5674669442794927e-16 -3.1554101094079632e-24 
0.0019745481501967665 1.2380129917969032e-07 1.4721343482716108e-10 1.4066907468144024e-10 1.8400610556015288e-20 3.738036327743152e-14 -8.437448069307386e-21 
0.0018462341508307485 3.8238019166192265e-07 2.2996320072737066e-10 5.422263768545959e-10 1.631404755923516e-19 3.319535335809314e-13 1.0022895813458934e-19 
0.002196625170549816 2.762615201268783e-07 1.6897746321901743e-10 7.242481849347334e-12 -1.368041102431052e-22 -3.762313108862365e-15 -2.1325602464202306e-22 
0.0011002974033823408 2.9549705834749674e-08 2.3260231934203874e-11 2.375710762949393e-12 -1.0943274081313943e-23 1.0363744739971959e-16 -1.3861094143833707e-23 
0.0021422050996261497 1.4952817769588131e-07 7.051371181839607e-11 3.8047701115036714e-10 -1.3512122082239141e-20 -1.4610346064608628e-13 -6.083781957360533e-20 
0.004774888824113426 1.1676924862466847e-05 9.06327662660142e-10 6.235970981223075e-10 2.937610981571614e-19 4.032323480429289e-13 3.653616501305908e-19 
0.005867551350399575 5.733383555549583e-06 4.835348441585152e-09 7.772424822069575e-10 -1.4872256240505563e-18 -1.813446901266071e-12 -2.419374689776081e-19 
0.0022139615230254536 9.282437652967063e-07 2.565251285545076e-10 1.6263601568101048e-10 3.2347512548144107e-20 1.404917922989366e-13 -7.56030007750197e-21 
0.0015287816334066898 6.041588421279072e-08 3.2104587958366756e-11 3.3612444361304404e-11 3.885242122984358e-22 -4.60187234127797e-15 -1.0335510149739422e-21 
0.0023591067899786356 3.266059732709176e-07 1.0981179459687993e-09 1.2975102834137709e-09 1.5484188501349007e-18 7.198417752946134e-13 -3.3605494760485024e-20 
0.0016588662153229445 3.0647500683475173e-07 8.345866057863669e-12 7.238334197075812e-11 -1.2737190748906635e-21 1.3324487711944553e-15 -1.242070347717662e-21 
0.002211415120655068 2.673270305181024e-07 2.1470160424210024e-10 2.746035997201209e-10 6.457859792822831e-20 5.398954529802804e-14 -1.6596569166737522e-20 
0.001954905780591964 1.5277277747283163e-07 6.046142041013168e-11 1.639546035873538e-11 -5.154095329608863e-22 4.876097208351184e-15 2.8697514144357946e-23 
0.0017090694159783248 4.7301393945348807e-07 2.169648004703907e-11 5.0247191902219226e-12 2.2759959033802993e-23 3.0578112942248626e-15 4.7270153536918917e-23 
0.0026776216999599796 1.7583878820602424e-07 2.984734552792049e-10 2.1231643727105856e-10 5.0962349386335947e-20 -5.4565773092792464e-14 1.6108565384243307e-20 
0.002455908831574293 1.0586093223747357e-06 1.357812575008809e-10 3.8299361704954574e-10 -3.3918284047907276e-20 2.4874478124671394e-13 8.048363734169168e-20 
0.0032392678918863257 7.881128049954344e-07 3.0023066779546643e-09 7.010881005091541e-10 -5.488242199454023e-19 5.518929260907195e-13 -8.563835866610545e-19 
0.0026170035837091753 2.3686091899704074e-06 2.5653561283254007e-10 2.3872878193250847e-10 5.672504912679898e-20 2.2051157383176126e-13 1.6509475892043684e-20 
0.0014279839122064738 1.0651399479692601e-07 9.925481498073588e-13 7.509015184805111e-12 -8.449242716497846e-24 -1.9683532967042116e-15 1.8677616009988763e-23 
0.0017166725965586487 5.045374866666752e-07 1.596555088839636e-10 1.4318773742012343e-10 -5.406055778697276e-21 4.491165771248413e-14 -2.09638141931809e-20 
0.0030825975868334003 2.086341430006793e-06 3.8787082018577544e-11 1.0085735104425837e-09 -8.062282675538317e-20 9.045645239537504e-14 1.8246436301113422e-19 
0.001574858669098048 8.490372009327677e-08 2.78964439416869e-11 2.4446834093736644e-12 1.6417629164626523e-23 -7.119082348169504e-16 1.174925835452688e-23 
0.0023803307518025264 1.194068951798497e-06 5.292791965613362e-10 5.280469687947729e-10 2.0730750692887155e-19 5.074449037038444e-13 -1.869577614642105e-19 
0.002426343693035087 6.425543819967293e-08 4.1767934103557637e-10 5.150786522986543e-10 2.232742745447323e-19 -1.3014218723647847e-13 -8.500545894219622e-20 
0.0016301034021268936 8.740600184079397e-08 6.997912453967828e-12 1.7656253216719827e-11 1.9513860588669077e-22 5.118124649401664e-15 -2.0951418223723198e-23 
0.0025607340610811 2.5119582261449e-06 5.81050477258121e-10 9.222237619159662e-10 4.446228369398627e-19 9.693811828157498e-13 -5.079925684557425e-19 
0.0017139114738681112 1.5664609299655957e-07 1.1326899892173244e-10 2.3782253006934884e-11 -6.273290760433417e-22 5.162545403575772e-15 -1.063040457562349e-21 
0.002222716659610207 1.1512926229597409e-08 8.280193038267543e-11 2.9981772145882253e-10 1.752919313263824e-21 -1.2877023781088597e-14 4.720706256123865e-20 
0.0021795825020479833 1.0673316707465431e-06 6.169532191445586e-10 9.035287218177348e-10 6.586276465907207e-19 9.184102784061525e-13 1.4587506913029663e-19 
0.0036136432247902933 3.364142151907425e-06 8.460428937947227e-10 3.4671917541784434e-11 5.938259519099921e-21 1.9149074542610125e-14 -2.487109214117085e-23 
0.0034502202036232887 1.9844160987659594e-06 6.679394740745368e-10 8.174342366017912e-10 -5.452801494331835e-19 -5.781881262604828e-13 -2.5981491493958825e-19 
0.0021160578459383213 1.0178741669395106e-06 2.2069804758564434e-11 2.4890955608288706e-10 4.593632230857561e-21 -1.2208030716598115e-13 1.7867471623633294e-20 
0.0015467724883441566 2.789838551722204e-07 1.1180573521403681e-10 1.1422141457022186e-10 1.1945345226015682e-20 5.0153441974281025e-14 4.8908980422234656e-21 
0.0016786724984356382 4.7334055762971504e-07 8.219637791443674e-11 8.452533740529042e-11 6.639488460660931e-21 5.814475319119737e-14 -2.3569249496623826e-21 
0.0014180932941424537 2.2063804193271712e-07 4.665596256944574e-11 1.29586065957808e-10 9.756330081000254e-21 5.162564356239258e-14 -2.5181628624636524e-21 
0.0019065509018762789 1.0850140839825881e-08 1.9020420670809417e-10 7.276871278418802e-10 1.8549353838256414e-19 6.753832329274626e-16 -1.9718961961843449e-19 
0.0011432425706482561 9.079616181435572e-08 1.0024880400340728e-11 1.5050846722768728e-11 -1.8160136865400176e-22 2.044268294931177e-15 3.464319852563883e-23 
0.0014261653501586513 4.156115114437496e-07 2.5750752834128932e-11 3.076666155761946e-11 7.270633823486888e-22 1.4696917741177116e-14 -4.704536833829693e-22 
0.0022769827177672544 1.2172955851899575e-06 7.748317015745313e-10 2.0783021443839862e-10 -7.860043106863628e-20 -1.6655205036243146e-13 -2.7884649001716327e-20 
0.002517187959052434 6.821682253459105e-07 1.8339331960499334e-10 1.2497366992129322e-11 -5.150543538160968e-22 -1.1952798843796867e-15 -3.0443848228019098e-22 
0.0009431129440467939 2.1438537811747413e-08 6.687518739654943e-13 3.199325408843516e-13 4.0606819819062025e-27 4.0807536673351324e-17 1.4793010629943567e-25 
0.0022118358871850512 4.3683705515252326e-07 1.665853504287258e-10 7.421386312168257e-10 2.5561425011627536e-19 4.892223871445122e-13 -5.246619677293051e-20 
0.0018016065281467398 6.738425007004405e-09 7.18460860067154e-12 7.537790210618376e-11 -1.601193175834714e-21 6.182836868045581e-15 7.164044708756125e-22 
0.0018837623616895956 1.2954655552796515e-08 1.6375970830227188e-10 8.272075986928096e-11 3.103743527132209e-21 -9.132384366642424e-15 -9.11375652491763e-21 
0.0031287223179243245 1.0944568725186733e-06 1.1420400773589803e-09 1.6348443208595452e-09 2.0825786578581015e-18 1.3221036485620532e-12 -8.080724765003193e-19 
0.0015783473735710364 3.760045617710133e-08 1.1097634736016981e-10 1.168012745766627e-10 -4.2391282166033615e-21 7.65215315371851e-15 -1.2604237610291739e-20 
0.0023401281927321444 9.160327526282233e-07 6.799302974322315e-11 2.393427279989571e-11 5.744088853460281e-22 -1.0143805754261298e-14 -7.760726692171973e-22 
0.0021112838749131166 4.183013756856686e-07 2.172251126474415e-10 6.40806139319243e-11 -4.046954753427748e-21 1.5882881823048022e-14 -6.386068276033907e-21 
0.0016676910865751856 3.9442703413541416e-08 1.9746071271027943e-12 7.185320638231587e-12 -2.4202854752572557e-23 -7.92074294524645e-16 -1.2113681060614296e-23 
0.0018026348473506033 5.548540498815113e-08 1.2755620016206528e-11 5.353244132800462e-12 1.1774699018927686e-23 -1.2069429726531464e-15 4.264017789744797e-23 
0.0021028246198620784 1.6360616914593562e-07 8.359620223990057e-11 1.2776820347293004e-10 1.2749058142947621e-20 4.6547496525888446e-14 3.4387133362196854e-21 
0.0017150213782614965 5.74796753533821e-09 8.414844650779983e-12 9.259263372644922e-12 -8.172533523147376e-23 3.8484392559133875e-16 -9.76458356495793e-25 
0.002490077379790869 7.109561075254932e-07 7.758819318847085e-10 2.514078085925855e-10 8.653334844921831e-20 2.0583506949484165e-13 6.957797960599289e-20 
0.0025552360200003354 9.906447859607514e-07 1.2961493240093427e-10 1.1609878415948981e-09 4.452090835790125e-19 1.1488214992627426e-12 -6.798242147090748e-20 
0.004101127703454844 1.1131535730339074e-05 1.740619732312838e-08 1.8785048696656817e-08 3.3948811035357797e-16 6.267398467975e-11 -1.142676540974788e-17 
0.002867060399553935 9.963367201722773e-07 4.03580312640421e-10 1.106618678474664e-09 7.023274335024776e-19 1.097686691343406e-12 -2.316384532304152e-19 
0.002905494999816441 2.6476812546572718e-06 3.0484596360751542e-09 3.1115997272017126e-09 9.567089857586039e-18 5.006150690197802e-12 5.574391484786416e-19 
0.0027504669816435863 3.448481528598949e-08 4.2914888892347234e-10 8.667227664416786e-10 2.79131914323899e-19 1.5181844200720799e-13 -4.48887134539637e-19 
0.002568403330557445 6.51409387516319e-08 4.0642030564143823e-10 3.4581578321358414e-10 -3.9002021996130346e-20 -8.792577918525796e-14 -1.2363899865624335e-19 
0.001660895964253799 5.152615488862049e-07 1.418164504008614e-10 1.0051111693245873e-10 -1.1571408045766891e-21 3.111454107084379e-14 -1.1944168143037745e-20 
0.0017515629851482678 5.165182023626059e-07 1.6377156874166732e-10 1.5963001828307322e-10 -8.16105335031613e-21 4.8076079452665844e-14 -2.4485971560048776e-20 
0.0015050992569896483 1.3504815781634536e-07 6.995148150889865e-11 1.43473925975474e-10 7.649060965453685e-21 4.9771443486403466e-14 -1.2169017662624622e-20 
0.002787604574885312 5.71839925440893e-08 6.803432017062128e-12 2.3090868049357148e-11 -1.6035364245340413e-22 1.1856397756519171e-15 -2.409337139408767e-22 
0.0015466182924327868 5.2997167714754e-08 6.1200793048800355e-12 4.03376543277696e-11 4.442523111914432e-22 8.874816365251401e-15 4.5202653410363835e-22 
0.002102673203582685 7.928823310163223e-08 4.3675544044769915e-10 7.731605193432446e-11 1.4041502111562243e-20 -1.5257938192666384e-14 2.166760908119004e-21 
0.0013775871346697868 6.680515882202556e-08 2.43809309694106e-11 1.7971462038699026e-11 2.868493535678216e-22 -4.109543625798797e-15 -2.4337586008656823e-22 
0.0020364970523814568 1.1120144006554804e-07 1.6775156957277342e-10 1.469094305706199e-11 3.3247659338379514e-22 4.715086031824183e-15 6.491083987708954e-22 
0.0018990851656435085 1.4957185482993255e-07 1.1447744638988086e-11 1.1593211230441946e-10 4.198369623428223e-21 4.481807720326572e-14 -4.59431433950515e-22 
0.0031168061313364046 3.299731850427524e-06 7.452235462111098e-10 2.7639902751420742e-09 3.9170495738137285e-18 4.757191405581615e-12 6.26726555728701e-19 
0.0015799370051490795 9.517666058636098e-08 1.2550424195051961e-11 3.257965699615945e-11 -5.733822833397489e-22 4.070392958301649e-15 3.2440861591433936e-22 
0.0013006144863947112 9.707787644182478e-08 2.2861086093946527e-11 3.725074188517064e-11 -8.766006293965828e-22 4.6522389516321156e-15 -6.428499890584665e-22 
0.001582019125561211 2.9243147575869385e-07 8.410700518476413e-11 1.5006799771489959e-10 1.6842868805750265e-20 7.731796781830396e-14 -7.517486921670947e-22 
0.002422519574834 4.6807687918030764e-07 3.8395953920928075e-11 7.568423601635505e-10 1.106842004758943e-19 2.818227200022208e-13 -6.629250323885051e-20 
0.003068788944594971 2.0914049031646354e-06 5.202804352117234e-11 1.0032479187437323e-09 -9.326362752880008e-20 1.3837074174356616e-13 2.0937654163006735e-19 
0.001266006912512449 9.983138658558685e-09 9.667203407125725e-11 3.4377567031708892e-12 -4.5260443598095385e-23 -1.526284895359264e-16 4.3348395175752456e-23 
0.0019138938234731838 8.526631066031738e-08 4.1443432368585967e-11 4.1274522486619436e-11 -1.6489105596823265e-21 2.966547238345117e-15 4.417881596778549e-22 
0.002546297306207506 2.5262402635456094e-07 5.737906180816816e-10 4.2336695006847884e-10 9.208694772578259e-20 -1.5783178837222565e-13 -1.8724739132153746e-19 
0.0023556596343961606 2.2658641764041312e-07 4.89277000033595e-10 4.0648890710381564e-10 1.7991728557565367e-19 -1.841698099852817e-13 2.2187672747257183e-20 
0.002167541078839038 1.725214733798162e-07 1.0926021717056531e-09 1.1004069284360456e-09 1.2010875574672707e-18 4.4816253312686627e-13 -1.1513776315553666e-19 
0.0018571014612154893 4.6994395052546795e-08 4.789606770592767e-10 2.428257664787933e-10 7.009676618081747e-21 -5.043796219544618e-14 -8.251456930358936e-20 
0.0018650480863092495 3.131320708074695e-07 3.6845597752571156e-11 4.5858949970351907e-11 2.5002906763203016e-22 -2.2543016681396218e-14 -1.8684214214387742e-21 
0.0017997072792760057 3.9561231734685703e-08 3.780169701351734e-12 2.749260934707269e-10 -7.60798703651467e-21 7.629209542251254e-15 -4.546524263864421e-21 
0.0020717677568195007 8.025167597638627e-09 4.046190854541547e-12 1.6907981810563285e-11 1.170454720695992e-22 -7.392481185978075e-16 7.653909519120968e-23 
0.002052783881598427 1.5293299752639815e-07 1.3736374602678476e-10 2.730305732069046e-10 4.962855681114008e-20 9.76694798770091e-14 1.824295750537763e-20 
0.0018001219538777515 1.455533223518498e-07 1.85824379654515e-11 5.658334565548312e-11 -1.535531913014781e-21 -1.5482482387651924e-14 -1.0042727584122552e-21 
0.0018862570504392386 4.0542277408867523e-07 1.7249918874848058e-10 6.523517695941068e-10 1.3388623975711376e-19 3.082313043320077e-13 1.7309859757764443e-19 
0.0012791733087199324 7.332346324642373e-08 2.9705712580294796e-12 9.74440906831901e-12 -2.1758199805763226e-23 2.5559614682675825e-15 -4.769851997609168e-23 
0.0018148575989250138 2.160975946198051e-07 1.3131738057998175e-10 6.091117415687411e-10 1.3744918102387587e-19 2.696425206226539e-13 1.0384725836649987e-19 
0.00256948552506511 6.565930860713452e-09 4.723952867779701e-10 8.424563222912729e-10 -1.7608318352425368e-19 5.331321731927968e-14 5.014466249498542e-19 
0.0025558984137756696 2.6407051394047536e-07 4.063061199605179e-10 1.0469450899368392e-09 -3.3950839649185815e-19 4.199423309869857e-13 5.92444714529579e-19 
0.0021649297478430114 5.387381609758014e-07 3.381270600283335e-10 7.953376605739943e-10 2.7375197087977777e-19 3.654675762317342e-13 3.0849912434953765e-19 
0.00247494320817099 1.0863996092884525e-06 6.460967461802541e-10 1.7539362640808446e-09 1.8430586663573116e-18 1.82601449742323e-12 2.987102531163163e-19 
0.003188899019274004 1.3198947613905535e-07 1.1409319960965798e-10 3.5532594870175418e-09 -1.747730340880689e-18 1.2908467214294214e-12 -1.436632527213132e-18 
0.0026780767795361797 2.2191564330085378e-06 1.723635873855427e-09 7.219584495307987e-10 6.873195923569041e-19 1.0290788182225617e-12 4.1976127776845595e-19 
0.0027307509697874722 1.380980431282161e-07 4.3369909956334406e-10 9.333209544745179e-10 5.286546215808877e-19 2.1367032756097377e-13 2.7041392704407886e-19 
0.0023033741101616376 1.1131207548407821e-06 1.30233616989595e-09 1.3061096624435772e-09 7.848514747334263e-19 1.1017341318397686e-12 1.5118769024467544e-18 
0.002337906703322585 2.0483538088571853e-07 2.1211115285308997e-10 5.713073092742938e-11 6.2856612944880014e-21 -1.909421417189176e-14 -2.0703261700176711e-22 
0.0020582939641678377 3.378052195976368e-07 3.9000249587549335e-12 4.0696331071973374e-11 -4.526352715859339e-22 -2.1772670252868092e-14 -2.4080396595721584e-22 
0.0020125799132185125 6.279810912065467e-07 6.206901751304612e-11 1.6430909675908384e-10 1.5876417173319664e-20 1.2902002313799166e-13 4.824239179240263e-21 
0.001873733600431019 4.4238539616254076e-07 7.33772261838168e-11 1.8994244939494437e-10 -4.679754376877099e-21 3.594925257870606e-14 -2.1930277959997026e-20 
0.0021871121402928734 1.9900035372025983e-07 1.7115526104322957e-10 1.0866932073590063e-10 1.4811591388981044e-20 3.0729328066641865e-14 5.065534088713601e-22 
0.0018440510876978609 5.3578843787704793e-08 2.8912218786907077e-11 2.722806365154324e-10 2.361312480290195e-20 5.229669322292862e-14 5.103174408905531e-21 
0.0018293548350741705 1.0447190540264651e-06 3.922857565864318e-10 5.453364882947452e-10 2.378023912592867e-19 5.52398622507639e-13 8.408564528449156e-20 
0.001838521423576382 1.8568037745505457e-08 3.4153281748524583e-11 2.948166170842739e-10 -2.106242639390344e-20 -3.737680397019835e-14 -2.0773442683938903e-20 
0.001451584625871891 1.004851079703571e-08 1.0630353707236496e-10 8.749680515320567e-11 7.012068185386034e-21 -8.234881503913788e-15 4.6944823138836835e-21 
0.0061337583684321255 2.994772942374917e-05 1.572663539137315e-08 1.664152022673629e-08 2.692146530207803e-16 9.106675759079174e-11 -1.7050960976270566e-18 
0.0015598944489236461 4.201372544248848e-07 2.122334421719787e-11 2.999247440117267e-11 6.869896449733687e-22 1.942471131830166e-14 -3.1724500015254084e-22 
0.0019997605890381583 2.4082538162675424e-07 1.4533398157039167e-10 2.1170194478173768e-10 3.599878999661049e-20 2.03201805456554e-14 9.111284946548687e-21 
0.0017996351728279114 6.381548470765569e-07 2.4455752576344916e-10 5.808806890827626e-10 2.03952609821222e-19 4.632354197753055e-13 7.960610377897557e-20 
0.0017572338116171114 8.512003085480489e-09 3.8665199831681976e-11 1.085997202934941e-10 2.35674762155474e-21 9.771497779596767e-15 6.630888030420354e-21 
0.0022953142043135493 2.3153971943157735e-07 2.381659277957891e-10 1.3474879330875085e-11 5.583409999813612e-22 2.2226199990721235e-15 5.205456384926781e-22 
0.0018139315695442073 2.8265510791234364e-07 2.1220741616824185e-11 2.2956516472486748e-10 8.2607006642591e-21 7.296379662797213e-14 -1.3729236908805075e-20 
0.002056749113211462 6.90596902046269e-07 4.960108501914114e-11 5.6479339114982126e-11 -2.188009962951107e-21 1.2683764591435077e-14 2.0368993129905885e-21 
0.0014583261700777672 1.648780727810856e-08 5.386417397894667e-12 6.096584049254895e-11 -4.3106873757652026e-23 -1.1147687934681733e-15 1.103948998924309e-21 
0.0015317400496822576 9.844848116224501e-08 2.804315262711255e-11 1.5743845195108034e-12 1.0432198364837822e-23 -4.654565593658612e-16 -7.77817294210947e-25 
0.0015834480926651161 1.8393570018429895e-07 9.192302162458478e-12 9.597949718955564e-11 2.6682985478648357e-21 4.1095052520512984e-14 -1.0038594793077417e-21 
0.0014134093432254483 2.2203738633604618e-07 5.409166562465423e-11 2.7043712847202088e-11 1.0228743843875203e-21 1.227074343043868e-14 -1.5360269502216167e-22 
0.0017437480767011132 6.372140517320753e-07 5.685697592765854e-11 1.3538789561906237e-10 1.1878195472950568e-20 1.041098146183343e-13 8.518340895796149e-23 
0.0020962876097137453 1.6375143524101757e-08 2.611700736752645e-10 1.2541786833323619e-11 7.048095236890532e-22 1.3753645533921886e-15 1.3591962778684115e-22 
0.0019986835821848817 1.7972607959663958e-07 4.9284457764544116e-11 2.067226547274068e-10 9.411393629034709e-21 8.121885828975455e-14 -1.8622873373272018e-20 
0.0017962885209295565 3.3394278083475797e-07 7.694376240446229e-11 2.538934893007665e-10 -1.347915167861793e-20 7.414916984697013e-14 -3.2826960010101254e-20 
0.0018463179167911561 1.174940075153606e-07 5.386879102552177e-11 9.791714256485781e-11 5.4418621222038045e-21 8.441001703040553e-15 4.578047636670318e-21 
0.0032743677106711116 1.2066729885168395e-06 2.3291663476010627e-09 2.6429299546218056e-09 6.416329178173022e-18 2.844097134466349e-12 1.352638839764589e-18 
0.001906969743830115 2.24123891298442e-07 1.3976290733918595e-10 2.7511366338238445e-10 3.060902592140102e-20 3.1235634791622725e-14 4.4422121232128226e-20 
0.0016230219231961715 2.397087600296625e-07 1.3335362191255503e-11 2.873059535780939e-12 -2.8047214285021977e-24 -2.2794221209792367e-16 1.7561021568789688e-23 
0.0033228987350897364 1.9333837114479126e-06 4.4954888744522024e-10 3.986356250305987e-10 1.6145863387068078e-19 5.481024971294469e-13 4.9079851834932295e-20 
0.0029312453717502207 5.23485672580639e-07 4.264680271826232e-10 1.394268372712021e-12 2.877946048414289e-24 9.729412191042027e-16 3.387671240549569e-23 
0.0016104940081586715 1.9182039369892125e-07 1.0442430515577801e-10 1.15960197404702e-10 -5.094405261225038e-21 8.325036979886525e-15 -1.1699349936858019e-20 
0.001749960238114327 2.1567466921020498e-07 9.412606613532537e-11 7.266508176106535e-11 5.981126945134504e-21 2.308324575706416e-14 -5.840259163953666e-22 
0.0017361719562480173 1.849074802314411e-07 7.305790672521103e-11 7.34192078763083e-11 5.1999047195011374e-21 2.3671174940020607e-14 -1.3690145191632462e-21 
0.0016296861779699489 2.927895011844216e-07 1.5364524105308325e-11 8.710789620405932e-12 -9.029542729642737e-23 4.043158738845255e-15 -4.474383533299876e-23 
0.003111179652383541 2.1366514337415067e-07 9.443122920281869e-11 7.490493974217319e-10 1.9868905507961032e-19 3.425529647486289e-13 1.4475670670236367e-20 
0.00218228492492923 5.796907924201936e-08 6.967672409006606e-11 5.914490106360306e-11 2.8554738598012305e-21 1.4170629262179621e-14 -2.5024186405674776e-21 
0.002488689484700473 9.473888929050208e-07 1.0465435637700639e-12 4.145778852272982e-11 -2.321392659627935e-22 3.30690693750158e-14 1.4381705999169295e-22 
0.0021222868954961596 2.60490029813314e-07 5.209889270283627e-11 1.8995795899317222e-10 1.710324676427562e-20 9.189412297452966e-14 8.036672150543938e-21 
0.0026072498552250556 2.7728676442994945e-07 4.180743914299041e-11 1.29097226210494e-10 -4.022342723889735e-21 -6.534565026720307e-14 -8.589028331304098e-21 
0.003142801553427815 4.160928501096903e-07 9.714689840330473e-10 1.2038976547460291e-10 1.486746125261852e-20 5.580394718104988e-14 3.8393588717916197e-20 
0.0026663780148723174 2.106298566233447e-07 1.3684191840552367e-10 1.545684203109247e-10 9.93939415125861e-21 1.3014014248752247e-14 2.0162982533437005e-20 
0.002751740410348853 2.481010954401776e-07 2.8883892683193873e-10 1.1340384126059367e-10 3.83724689248886e-21 -1.2093630193228117e-14 2.0162456899475004e-20 
0.0023941015587280786 8.050178871932644e-07 7.389472168531245e-10 4.760393280285158e-10 2.7345136806723497e-19 3.9817655349589125e-13 7.028294338772687e-20 
0.0017896442458620186 5.5149226438282474e-08 2.4225571687734846e-11 2.3977567193932274e-10 1.827392607543725e-20 1.989740544303176e-14 -1.404596525563673e-22 
0.0019919427472637665 6.536743993271496e-07 3.9223910922114317e-10 5.158729793846325e-10 1.5345773481091893e-19 3.435991124116622e-13 -1.7406872560530282e-19 
0.002312019497877533 2.597562676594921e-07 6.573996078221284e-11 4.5399256501441156e-10 -4.829990751566423e-20 1.2921510294458057e-13 6.17943599931717e-20 
0.0025466113307097598 1.002948423138444e-06 1.443091863715727e-09 1.7472649933806993e-10 2.8503717702285977e-20 1.2616334442419304e-13 8.297833058931488e-20 
0.0013853883691374285 1.1005825585893142e-07 2.429715370400284e-11 7.330344372681387e-12 -2.3947423601803546e-23 1.8598846435079435e-15 -9.485191950653597e-23 
0.0021833311824352103 6.785046273169024e-07 1.2620949818980184e-10 3.137381131013327e-11 1.382432006488333e-21 8.871455435631848e-15 -1.4094152550554035e-21 
0.001796559031194234 3.4767826168780996e-07 1.858301875023525e-11 3.5005028382180995e-11 1.0879672421496663e-22 7.766700618214108e-15 -8.86145390055651e-22 
0.002451819462856494 1.6967443818171945e-07 2.5196736294038e-10 7.912846588659357e-11 4.567170725488546e-22 -1.6783541468616054e-15 -1.1163699250896225e-20 
0.0027072460459015703 2.2796901985571086e-06 5.924763414427692e-10 5.854446078784481e-10 3.004183998275635e-19 8.642111911991341e-13 -1.692163211372927e-19 
0.0020797400540878254 6.391277624491146e-07 2.966361384047956e-11 1.6765119118548337e-11 1.4661255110630853e-22 2.5403260434316387e-15 3.4392502519062327e-22 
0.0019254478575691013 5.279674479695664e-07 2.2764800265870613e-10 1.923053003182568e-10 2.0083990141662436e-20 9.649649418771028e-14 3.486543976645958e-20 
0.002226657047574217 6.712937825433477e-07 1.0950293648940585e-10 3.6043529966068626e-11 2.0793987058896446e-21 -4.028060320267805e-15 -8.96451457490163e-22 
0.001966554232819905 5.258919572597563e-07 5.53148479296717e-11 2.2004317597530368e-11 2.2124630490790343e-22 1.136491808541509e-14 -7.3511184084391805e-22 
0.001602264235146627 2.079735024931757e-07 1.4902591348011525e-11 1.169774807504802e-10 3.876044283010673e-21 4.6237918019738773e-14 2.971646937018475e-21 
0.001896893169105191 2.0104723173013433e-07 6.758955683751716e-11 5.533006003193624e-12 1.0221724981539375e-22 1.4254663888854107e-15 -3.1630908327303143e-23 
0.002111682952995098 8.831262361470642e-08 3.011820384209479e-12 8.50835816766012e-11 1.1633331772769195e-21 1.548694135016466e-14 -7.083444019988085e-22 
0.001945001104985191 2.5422136775801364e-07 5.020353206597671e-12 3.667554207976095e-11 2.340215913476714e-22 1.7186757803281132e-14 4.392020873856421e-22 
0.0017801559153709514 8.590764547779507e-08 1.005523618924115e-11 3.4027474378572326e-11 2.4192191943501354e-22 2.8709973221095064e-15 5.810711117365398e-22 
0.0016254030222141319 3.0553367366744994e-07 9.005910139533416e-12 1.499824933733655e-11 1.7157657790614138e-22 4.8113342453655195e-15 -3.075359519284652e-23 
0.0017536130752338931 1.2826700339696192e-07 5.433309998744809e-11 1.315040889630112e-11 2.0506840913366836e-22 4.556205722908605e-15 2.854963866349284e-22 
0.001540100241085834 3.398128950108542e-07 2.6769494931735538e-11 9.278688933290774e-12 -1.4612177532094208e-22 2.0779838786813866e-15 5.74214435325173e-24 
0.0020288176080785966 1.207837810956861e-07 1.9844356322455682e-10 1.9226297974646007e-10 -3.7529278908339484e-20 6.592049649726022e-14 1.3761804960018316e-21 
0.0015470380250247656 2.957003484976546e-07 6.912827314342564e-11 1.1008673041466361e-11 2.5744948719165697e-22 2.1789801547946494e-15 -1.610816633127651e-22 
0.0015714906873506834 5.97433578251953e-08 1.7139468665499365e-11 2.5682886329182135e-11 -4.669739177566763e-22 -2.482112059482066e-15 -2.6886808784626696e-22 
0.001583459565446344 3.5894243566129444e-08 4.116456094895346e-11 7.426761240511964e-11 -3.551046681089218e-21 9.833993606850747e-15 2.062174589602216e-21 
0.0016593306756548126 2.8899147071598004e-07 3.3942383020915295e-12 8.962170014685304e-11 -1.5621058852076611e-21 4.8129054750965825e-14 5.615804967309885e-23 
0.0015469547065531796 1.905654818192236e-07 2.349704661841228e-11 2.676587768223793e-11 6.623967601156161e-22 9.903289485493235e-15 1.0860863646324987e-22 
0.0016369061137984369 4.0647704404162605e-07 1.569483720693876e-10 5.737565316836979e-11 5.384341290848312e-21 3.5947763241964175e-14 -8.081271239984365e-22 
0.001983639465794459 4.5706374636280134e-07 1.8406162707225557e-10 3.3747033911313287e-10 7.748765535830986e-20 2.000963689127325e-13 -3.270695824650187e-20 
0.001613226010689194 2.8379204603493914e-07 4.420355467823574e-11 1.6304380176555158e-11 -3.426961886464001e-22 8.260381605104074e-15 -2.723014942464089e-22 
0.0019374133133626646 2.2281485391063014e-07 7.624151338363052e-11 1.1304120041041144e-11 2.4559783310473323e-23 -2.874819168536873e-15 -3.3094688562308603e-22 
0.003034750282661801 1.4066952099747527e-06 3.04459616612394e-10 1.7374911653479652e-09 5.732018677824863e-19 2.946169326212523e-13 1.1262381583164721e-18 
0.0020556237520886226 4.398089136235096e-07 7.305236173265528e-11 1.6547663257114425e-10 1.593408219236557e-20 1.0914628902919685e-13 -8.781653653147915e-21 
0.0019178425348205185 2.3152785979335422e-07 2.597367746076095e-10 1.33416929987022e-10 2.459072412807961e-20 3.7482008849545374e-16 -3.4824418208428586e-21 
0.001647947306394909 2.6182515439664706e-07 6.715593685057211e-11 1.0573791054339884e-11 5.586920922739024e-23 -2.5281949818469806e-15 2.7617132830837435e-22 
0.0021843080889563256 5.2697438251283804e-08 3.0509638447346184e-10 9.188869005449102e-13 1.3477749382147699e-24 1.693319027654165e-16 1.5326353776055008e-23 
0.0014709626893226698 2.0333930855998825e-07 5.230206326158211e-11 1.4481588565282037e-10 -1.2268255751300042e-20 4.797540813979008e-14 2.8866355541294603e-21 
0.0012806137600604596 1.0345768712209632e-07 3.266601685868074e-11 1.962422282217374e-11 1.5052813568209353e-23 -4.342186960309727e-15 4.966350824269645e-22 
0.0019075074888966217 6.162847135188596e-09 2.322474362642095e-10 1.866235260001801e-10 1.5401719774346114e-20 2.5464577704596404e-15 3.566996015919198e-20 
0.0021489011010280166 8.179711934661395e-08 4.86855109350653e-10 1.5306152674688282e-11 1.1524183805449637e-22 2.3428353614438526e-15 1.3162571364562149e-21 
0.002623588672562781 4.1386122521803525e-07 3.8789060983939665e-10 7.319952314609648e-11 1.2231995301589907e-20 4.6580975954113895e-14 1.585875623982894e-21 
0.0017198900007379396 3.35333849574242e-07 2.7742518691561216e-10 2.926165816773417e-11 2.1180745736731953e-21 1.5841917113542256e-14 -1.5699319803001559e-21 
0.0027925247218457076 4.773304088001773e-07 1.6705936189713587e-10 1.2553375001307348e-09 4.705385733143358e-19 8.654932274749259e-13 -3.3027092996483725e-19 
0.0022071575070612736 6.903483894210007e-07 2.5315788194887582e-12 1.5849360952081377e-11 -9.705133634809482e-23 1.159566781481632e-14 2.569539656167294e-23 
0.0019386942903166652 6.22386488222753e-07 3.5630490636011597e-12 1.1115559218534006e-11 6.799174815182068e-23 5.481122047384337e-15 1.6449283207702357e-23 
0.001502779751312768 2.0093428395117897e-07 1.733462607242537e-10 1.2184539231478151e-10 1.5034405918938432e-20 4.633279475328258e-14 9.356383498291036e-21 
0.0019371730710828962 2.2095621443288918e-07 7.5917137576223e-11 1.1509352989447806e-11 5.811533793311219e-23 -3.17586313528208e-15 -3.352089296150166e-22 
0.0016719134213027196 1.859679587951283e-08 4.0773408033865286e-11 3.764984184331082e-11 1.5621880799534131e-22 -1.5257020348368793e-15 -1.4668448172686524e-21 
0.001923320691728577 5.781567013631502e-07 3.422406719514155e-11 2.984560939664358e-10 3.0071373262800465e-20 2.1539286457129033e-13 2.359906316686457e-21 
0.0014052312160834717 2.6088890863580174e-07 1.1415367725390783e-11 3.1040789813979676e-11 4.190586594857007e-22 1.327690977428154e-14 4.0719680784991344e-22 
0.0019041889574132245 4.453341855105322e-07 2.34508276642537e-10 1.774034281511398e-10 1.482480850526005e-20 7.538170812933594e-14 3.3008184138146004e-20 
0.0016438982631496832 9.351018251684789e-08 9.952197553764395e-11 7.885979931220213e-11 -3.7598314827031254e-21 1.742970561839308e-14 -5.888217296094526e-21 
0.0017164278280589768 5.615239056497346e-07 2.0081363910827447e-11 1.8360793846251753e-10 1.091908694963223e-20 9.960787967447479e-14 2.2522259126418844e-21 
0.0015772271471963554 3.3890486736149304e-08 5.352024352729378e-11 7.110737131586243e-11 -3.4426413688772934e-21 7.906232215988997e-15 2.718591673163195e-21 
0.0016707771113386165 2.942097082662098e-07 5.466130402115566e-12 9.052836742862963e-11 -2.012443356097385e-21 4.903577847929354e-14 7.39937127372249e-23 
0.0015409223067158377 1.8097576001542245e-07 2.2700705816854215e-11 2.692732383508403e-11 6.623629227078604e-22 9.63231129909523e-15 6.70443239242496e-23 
0.001446129998742942 1.7076778177570577e-07 2.438671373680525e-11 6.913324888647845e-11 2.432566963443222e-21 2.7498212342101923e-14 -1.4630021332817213e-21 
0.001687652411949226 3.926183042556611e-07 8.582473136786578e-11 1.2506697831126436e-10 -9.326659416656762e-22 -3.2815061194652576e-14 1.2923860226109622e-20 
0.0019086557317683538 3.6760939806035166e-07 1.803169755290444e-11 3.1331227928520307e-11 4.1440717543553033e-22 -1.7286729992055893e-14 6.187508725552202e-22 
0.0014188712108287333 2.898614146862198e-07 5.113566955486943e-11 2.7608839523106152e-12 -8.484855649304203e-24 2.1810731173428462e-16 -3.168826765592492e-23 
0.001675742925626059 3.023932281119801e-07 4.144475198880703e-11 1.6772979632030187e-10 1.3419051344632349e-20 9.222692346441911e-14 -3.9367684760156996e-21 
0.002744287026170666 1.403030853987277e-07 9.193575180107669e-10 8.454725751153004e-10 4.8223320537655416e-20 -2.945471328711175e-13 -7.438421084856357e-19 
0.001453422275170058 2.0147526539614376e-07 1.2190768337392432e-10 8.468621691361143e-11 6.022703042031432e-21 3.777102401171279e-14 -6.1455298131517476e-21 
0.002324217283991068 1.088120580748482e-07 2.591117286131674e-11 2.8263793272622975e-11 2.1725588552856354e-22 6.571654822871335e-15 7.333691125091025e-22 
0.002013455163835118 2.770381933289181e-07 4.221756462751679e-11 2.354095422907171e-13 4.796284201611907e-25 1.2345715978734399e-16 5.663217730518386e-25 
0.0014604156291366476 1.4424911948233242e-07 1.491149747007589e-11 2.9800238615086797e-13 -2.2699767791926367e-25 5.426954817883055e-17 5.857416825527027e-25 
0.0015211878189059502 1.4887318129381734e-07 3.372591083480356e-11 2.4713464724704054e-11 -2.65538197228834e-22 9.2404593730131e-15 -6.622267997643179e-22 
0.0016690509366812673 1.3969173602401087e-07 2.2736016154133227e-11 6.62987437960337e-11 -2.0429193914468816e-21 -2.4779384659054093e-14 -1.5659366136496017e-21 
0.0011664768411259888 8.674429902519031e-08 1.3100441354170824e-11 1.042857400923645e-11 1.8274997992278972e-23 -2.1735471976044642e-15 -1.205157111259975e-22 
0.002197267402187357 2.1465572295891708e-08 1.0728603079017353e-11 6.965175605142642e-10 3.305122772207134e-20 -4.154441005258686e-14 5.032770871694634e-20 
0.0013324074639430674 6.620898160393565e-08 1.2659307002937201e-11 2.1231510696502755e-11 -1.1661605607169948e-22 -4.536669942274779e-15 -3.2796164789294773e-22 
0.002318542990671524 5.102305439425095e-07 1.7160137050120477e-10 2.3040016447218178e-10 -4.1437564693892013e-20 -1.6457494712209704e-13 1.953762556173683e-20 
0.001485317612497867 2.9012899079092406e-07 2.966381188556291e-11 2.6062247652158646e-11 -6.49333799642404e-22 1.7416071353196828e-15 -3.2169932268308406e-22 
0.0015952984592234683 1.92271621840843e-07 1.253983730544055e-10 2.499323463377606e-11 1.3495264902023616e-21 9.765756351246041e-16 -3.695099126489198e-22 
0.0017771617403533817 2.027896336938073e-07 1.574184055481108e-10 7.658988089650039e-11 7.431086059362019e-22 1.1645869479138427e-14 8.376888323791495e-21 
0.0015772268704231534 4.145741425268109e-07 5.085552286946283e-11 1.2455558679930773e-10 -2.270393515541617e-21 5.627275641615778e-14 9.64970739930146e-21 
0.001744907405920561 1.5054342392708502e-07 2.5488869071516592e-11 3.638547807544119e-11 -3.28596253235155e-22 -7.625877939408241e-16 1.058227216222408e-21 
0.0019718285395513326 1.8727584798993843e-07 5.355173425988811e-11 4.1102923685934525e-10 1.5078162703547897e-21 1.1070820545569824e-13 -6.096253863005593e-20 
0.0017332830328886275 6.04186927557881e-07 1.6145171681181724e-10 2.399270902733305e-10 4.512033307005353e-20 1.8097009114460684e-13 1.39294865920208e-20 
0.001776208734971618 2.0442944893159896e-07 1.5868910053089583e-10 7.721868642506118e-11 9.049288667655374e-22 1.1935573177390433e-14 8.499819679773128e-21 
0.0015829768265091552 4.295647284455948e-07 5.013219556020945e-11 1.2871906193133277e-10 -2.035844183814956e-21 6.037769595240605e-14 1.0137651785481133e-20 
0.0015106522041513767 1.359912412909175e-08 3.6743149796962646e-12 2.745837548859823e-11 1.4698671058595199e-22 1.685843241640277e-15 2.333724812759739e-22 
0.0016029883945923905 3.2559613915992144e-07 1.7846917259230776e-10 3.0824518300233876e-10 7.010633716465992e-20 1.7067268149797438e-13 -1.766626003522702e-20 
0.001818816632716696 4.512599552836942e-07 4.448455309953279e-11 1.596051219502971e-11 -1.6648810203550036e-22 1.049725585822425e-14 -3.9133706871116146e-22 
0.0015363133894858026 4.539360549106391e-07 6.002297826005474e-11 6.551319489204011e-13 -2.7773165188562126e-24 3.877542395464122e-16 -3.0271848724391793e-24 
0.0027914316017860095 4.145391308331109e-06 6.920460928812765e-09 9.163895027738203e-09 7.289898142834044e-17 1.8562111687006068e-11 -3.3796187575478086e-18 
0.0020134728822908963 2.511397343297013e-07 1.6137597959805934e-10 4.145649408981997e-11 -1.122870687875417e-21 -1.6715049279102256e-14 -3.1995328681996503e-21 
0.0021656699550960234 1.4014706673900606e-06 8.795271994113949e-11 1.7952293549293702e-10 2.0629333710589546e-20 1.5620172216401916e-13 -9.127060125622953e-21 
0.0014061518712805013 1.924848386399558e-08 2.3390796165427634e-11 1.508929233161365e-11 7.895478262067445e-24 1.5222971844574065e-17 -2.8337223782350823e-22 
0.0015055044607416455 3.279641815008254e-07 1.9250404310310177e-13 5.434174455378615e-12 4.312744274221671e-27 2.683976705867383e-15 5.558020724776808e-24 
0.0027026825124595627 9.232009781531562e-07 6.5096619299054e-11 6.467352479569132e-11 3.499672063157903e-21 -2.589535939369982e-14 2.315476337585743e-21 
0.0029574298178000153 2.050510467776296e-07 3.503704458820078e-10 2.8614490502339907e-10 1.6124722880488436e-20 -1.2421115802191785e-13 -8.915662490803989e-20 
0.0014838368448662923 1.2115112924005974e-07 5.291957514105494e-11 9.485868494634584e-12 -1.7932368086288298e-22 -1.0460008319959302e-15 1.1407349999946536e-22 
0.002223996857042308 3.3720818574333937e-06 1.8992136804665223e-10 1.5057991247630658e-10 2.5218211441464946e-20 2.562354695628786e-13 -3.534049666137861e-21 
0.0022220860877476215 5.603568874540675e-07 7.277376006370871e-12 2.9613722359802887e-10 1.0076197402465604e-20 1.106336424281246e-13 -9.352367051134246e-21 
0.0014937909869295076 3.1302699715573516e-07 3.024037124872766e-10 3.2397275091628954e-10 9.890767175944052e-20 1.7124165819320771e-13 -2.2362925024092898e-20 
0.0016861417931723689 6.632895423520142e-07 1.708707888105333e-10 1.7345598577791308e-10 2.9286487185547436e-20 1.2933276630436875e-13 -5.8340752665815015e-21 
0.0022929294331368593 3.1809631414978157e-07 7.147724537257524e-11 1.061047418364701e-09 2.3897148634803104e-19 5.73978519601229e-13 1.681540403925632e-19 
0.0022504890758441123 1.5508409944844974e-06 1.7010503594664524e-09 1.6136667640599306e-09 2.602042507524062e-18 1.9484993954218502e-12 -6.139625329151567e-19 
0.001655596707305531 2.9936519248889126e-07 1.917704413536595e-10 2.3210051257539225e-10 1.424236389709592e-20 1.0274774633175687e-13 4.685017145889632e-20 
0.0019954026956277224 5.047118223474215e-07 3.587023016583343e-10 7.178444225429009e-10 3.5092242208732757e-19 5.066709824569684e-13 -9.767020917533966e-20 
0.001592211873504085 2.9520418512264235e-08 4.9360723991258384e-11 1.0529013185652541e-10 4.71874889529741e-21 -2.264426459960072e-15 5.9455527919699e-21 
0.0014976345514426084 4.531062511779269e-07 1.802881661302041e-11 1.1802904153055584e-11 -1.7211568850338774e-22 7.86845276613937e-15 -4.470899275920824e-24 
0.0015478850503885717 3.7694375613001173e-07 3.42980824313874e-11 1.2556601577408574e-13 -4.100521914051264e-26 5.290724361468114e-17 -2.573346797650019e-25 
0.0029143103038683795 4.245942168216565e-06 2.17486593526929e-09 2.734173343681959e-09 6.655338275778267e-18 5.377333849198129e-12 4.005620741847003e-19 
0.0018166613378761934 2.982376704390242e-07 3.039556260873924e-11 6.101861610312377e-11 -2.1827493571553745e-21 1.8626147438384963e-14 -1.4632631060349273e-21 
0.0015364236095514504 5.344200204752537e-08 4.928791570761042e-11 1.1676818008105325e-11 -2.5172408236666758e-22 2.3668774527379492e-15 -1.229099414771215e-22 
0.002051270432007377 8.631471189030213e-08 5.65858303875653e-10 7.046462341172299e-11 1.3454698120096143e-20 1.3791764217292298e-15 -4.1171589575629526e-21 
0.0015632394034224067 2.6393579592488434e-09 4.68333789887657e-11 1.5246987681251964e-10 -1.1992684198073166e-20 -7.774894400682311e-15 4.709071554197683e-21 
0.0016722695247279973 1.5976392723778666e-07 7.572512364394875e-11 7.141472031674578e-11 -4.764729759882924e-21 -2.475352252887598e-14 2.208601048140213e-21 
0.0012921032973553538 1.706969106975332e-07 3.2686370127897095e-12 2.57044707521592e-12 2.5251885855689675e-25 1.1349963947107077e-16 7.446407050952318e-24 
0.0019935285734072896 3.879112354628225e-08 1.6030119948106456e-11 2.948002090270342e-11 6.340472093048255e-22 5.569797461123235e-15 -9.316552584907985e-23 
0.0011798518013886711 7.514515710597754e-08 7.55856732779817e-12 8.53287145397498e-13 1.9544619481427773e-24 2.0892175054146427e-16 9.35973359926612e-25 
0.0011899562752603235 2.701955958925752e-07 2.9380137432088287e-12 3.160007116548454e-12 -7.822160956453168e-24 9.359110120916588e-16 5.614442735752602e-24 
0.0018524353866746109 5.764613421425516e-07 4.6106509803573315e-11 4.3517737942549187e-11 -8.50110848101437e-22 2.061402277047293e-14 -1.7541708754168885e-21 
0.0018707150847409927 2.4646332935296903e-10 1.635190658049168e-10 4.152463532169468e-11 -3.418910443817627e-21 -5.104787365277624e-16 -1.3833544480968524e-22 
0.0010877328598802448 2.303285462641949e-08 6.561439485738261e-12 1.0040158643265048e-11 1.8356594437286386e-23 -1.140291336126631e-15 7.93967402096119e-23 
0.0022945611435748556 6.174722931598392e-07 4.5526096450574603e-10 2.772512452973734e-10 2.1033557206151605e-20 4.1428749044803195e-14 9.622904284519414e-20 
0.0015469267219176798 3.245411522228301e-08 4.63252068930254e-11 2.0292451970925035e-12 1.2471698008787442e-23 -1.888819241609254e-17 1.521692369991883e-23 
0.0012948694567743169 1.7796775835373818e-07 3.2121474145611353e-12 2.4957895718491523e-12 2.655538466244538e-25 9.695724639351407e-17 7.061595193312587e-24 
0.0019105484116992344 5.548161439030233e-07 3.30214585587506e-10 2.0035576058960725e-11 1.6281596974417883e-21 1.4659915540976963e-14 -7.024995201766502e-23 
0.00229426211547106 1.944181746559268e-07 2.48928578737703e-10 7.235052123042553e-11 9.469090673763413e-21 1.984610593110533e-14 2.1475611448168207e-21 
0.0016180928796790022 5.874211399104891e-09 1.3979514474614321e-10 9.464339050565042e-11 -9.756169825560288e-21 1.3709702121113685e-15 4.830043739336387e-21 
0.0015900462154243124 3.9600398042647604e-07 9.150088149723214e-11 1.684429736557031e-11 6.532520993431664e-22 1.6328880873482162e-15 -1.0279214837254406e-22 
0.001632718391019745 5.1877437245862674e-08 3.630812868543211e-11 1.0551265373474233e-10 5.956795485391816e-21 1.3538826516027102e-14 2.677020202261853e-21 
0.0016559564174820382 4.5532394533562536e-07 1.53347845727058e-10 6.046934708551335e-11 5.786119342514013e-21 4.026995928023685e-14 -6.537325983784305e-22 
0.0015392358128186801 3.252194253126109e-07 2.8605582151260813e-11 8.995877138993054e-12 -1.4411222473052636e-22 1.897915028768517e-15 7.516019289059712e-24 
0.0017522847072246148 1.283175453654425e-07 5.3686408484689044e-11 1.2666634853815628e-11 1.8843406763209327e-22 4.3833776967860066e-15 2.712903780174385e-22 
0.0020046240288538403 4.03554261011584e-08 2.031986645433856e-11 3.889649671529338e-11 1.0528590541320586e-21 6.867469965577015e-15 -2.9541604380914555e-22 
0.0011634100075311247 4.2795685127136526e-08 7.331675556182296e-12 7.00233989536455e-13 1.318112231071433e-24 1.3380778992890495e-16 8.83101093945096e-25 
0.0013528049113461767 7.216812205045766e-07 1.8069852227910514e-12 6.8133211744425414e-12 1.1231188741900497e-23 5.132668934025729e-15 2.1104029822148425e-23 
0.0026946716597244565 3.4017422298998676e-06 4.268145957779558e-10 4.5962234503750087e-10 1.8336333098534324e-19 7.617013995762936e-13 8.843119230332312e-20 
0.0016082935301612279 6.485105282228167e-09 4.696014190120959e-11 4.2908224935536497e-11 -2.503923375737065e-22 -2.085552271986386e-15 -1.9097403938628346e-21 
0.0019087455580493135 5.518736159214507e-07 3.2610443118670296e-10 2.017542621625751e-11 1.6323541962302113e-21 1.4762318118864565e-14 -1.1622326393415357e-22 
0.0016522104927345078 2.8300912734135544e-07 6.97478257184944e-11 1.0386380523213777e-11 2.50134273395344e-23 -2.9199576878139337e-15 2.7843009397212575e-22 
0.0016197969227177526 4.933708812397243e-09 1.4194776257730744e-10 9.498732951147416e-11 -9.985461137092603e-21 1.1183501163159345e-15 4.684478587876944e-21 
0.0022947534936370237 6.237338021431429e-07 4.715375297619289e-10 2.8872689129145387e-10 2.501187264994999e-20 4.2957895338703155e-14 1.0355645134874788e-19 
0.0012910859939734168 1.7060290134288158e-07 3.0936638512439663e-12 2.4461038364634e-12 -1.5215244755965244e-27 8.06304048409743e-17 6.728974514134648e-24 
0.00246758107830238 6.299310037610224e-08 6.142107149657546e-12 5.833627638955422e-10 -1.9855187108121535e-20 1.223408275422819e-13 -2.8725179187525107e-20 
0.0023520358235981967 1.7419117679153435e-07 2.4217942048782585e-11 1.6869107002402673e-10 -1.0689162668697408e-20 6.887779361484421e-15 -1.4132597549733746e-21 
0.0021984731659032836 6.156622327602584e-08 5.081005158495353e-11 4.4116005792384096e-11 -1.5387609225726132e-21 3.997255624985322e-15 1.4123535173291665e-21 
0.0017398398715920257 2.9017970805426905e-07 6.84256037514804e-11 2.7577555580167404e-10 3.6269318503496493e-20 1.3556192035770163e-13 -1.0938419618190122e-20 
0.0014041236374017314 2.603972439279804e-07 1.1407501327420344e-11 3.107045305484463e-11 4.215062648746741e-22 1.3257023994400903e-14 4.055806435767603e-22 
0.002123293636400645 6.551749543169201e-08 4.922914782459243e-10 4.439236445110664e-10 1.6855457392212762e-19 -6.709390130482955e-15 1.2106447229758777e-19 
0.0016775468420204991 2.9596131383236187e-08 1.0975765783673791e-10 6.468349207560351e-11 2.9808929137085996e-21 5.986610854505925e-15 -4.562707074568059e-21 
0.004307141595155922 5.8994814070033644e-06 6.739030558470588e-08 5.791492896430125e-08 3.6012870680288704e-15 1.3655025115646559e-10 -3.4873559218993726e-16 
0.0025585773189234343 2.8424064427971643e-08 3.092869184424799e-10 9.821401920870287e-10 -1.9861084176481018e-19 2.8980559664308705e-14 5.03550829071778e-19 
0.0021570635112728685 2.3028795080302848e-07 1.2676213045948982e-09 6.136951875606461e-10 2.963688321251e-19 1.6910314625815624e-13 4.529371529802418e-19 
0.0021243408667841438 1.224254796709432e-07 5.26766219270396e-10 6.2159204415499e-10 3.013250823932724e-19 1.9912458800717777e-13 1.8898659660228353e-19 
0.0023252021629919643 1.5309053700119624e-08 7.648290635796336e-10 5.889642489608991e-10 3.6277316627550157e-19 7.259864153725032e-14 1.5700205019057916e-19 
0.0024046703740333328 1.2103020657776768e-07 5.747090614620609e-10 7.694924238219347e-11 -1.6179191438024054e-20 -2.6477299397882276e-14 2.981546301358509e-22 
0.002294687043162631 9.603702693626688e-07 1.502185477399779e-09 1.3818799362965614e-09 1.9882772109310778e-18 1.354122971594782e-12 1.0373747941970807e-19 
0.0021102544675049343 7.814222281290159e-08 7.022501356608761e-11 3.1804445423347376e-10 3.911903011804601e-20 -8.848226211003618e-14 -2.699823660769191e-20 
0.0020055552724258475 4.116395073784303e-07 1.2824293931392994e-10 1.240487246084144e-10 1.530361521947304e-20 6.014647673079281e-14 -3.2555760221301175e-21 
0.0017270391696481368 3.958630214038168e-07 1.919795769054119e-10 3.7764374087079967e-10 7.88291566418833e-20 2.331367076288434e-13 6.423021396444654e-20 
0.0018429823911774465 3.688062690659849e-07 1.4152447244154802e-10 2.937041888720971e-10 4.699468109794528e-20 1.7501406820557284e-13 3.710931147779044e-20 
0.001888095953520619 5.391833296629229e-07 9.62356952235644e-11 3.541891071433557e-10 5.432129124122878e-20 2.3229316184366694e-13 3.640381327478235e-20 
0.001544211738758643 3.0265048587130196e-07 1.775496093296118e-10 3.644970882161028e-10 8.769250696335149e-20 1.9388629955166132e-13 -3.013490869329866e-20 
0.001472905088667798 3.4074720149079085e-08 4.2624672835815906e-11 3.357322011504699e-11 -8.62935278926546e-22 6.1134771432496894e-15 -9.318604068172234e-22 
0.0021119201772499293 5.195320789631534e-08 1.1383485537640301e-10 6.695687430443638e-11 -2.942041435721156e-21 -1.4866463651134705e-14 5.051300332420059e-21 
0.0025562438675901127 5.049463593193316e-07 5.373200356242716e-10 8.809951143303133e-10 -2.1491230667065145e-19 3.410386689191299e-13 -5.66767031593907e-19 
0.0019821278546624504 1.9282963321255423e-08 1.2406163681235766e-10 1.6864213399085836e-10 1.9118646683655358e-20 2.296989572424443e-14 -1.5149360306971593e-20 
0.0021610640870695446 9.96622553252739e-08 1.1079283855019974e-10 4.5462573903896544e-11 2.555634928953815e-21 6.157744028346723e-15 -1.9695892744976385e-21 
0.0020141007115627137 6.531535193893613e-08 2.2501473456855488e-11 8.690610893744581e-11 3.440177080509346e-21 -1.6463976166614656e-14 1.7130523620264088e-21 
0.0024581038685084692 1.0367761038327816e-06 3.9354619809620126e-11 2.526697854785786e-10 2.3422195412218253e-20 1.2854063816734244e-13 -9.285911459882261e-21 
0.0017854986092800537 5.57881319930949e-07 5.840889190414448e-11 6.794479087991132e-11 3.947460660883755e-21 4.822031311013621e-14 -1.65483601953767e-21 
0.0017011551618959341 6.125719339512724e-08 1.2482069231075837e-10 2.293676966244612e-10 3.7729581358948303e-20 5.666187852375863e-14 -9.092916523353577e-21 
0.0019729955783345013 1.6151198440224685e-08 1.6161012619578159e-10 8.33674831299802e-11 9.617760070691698e-21 5.869398801847284e-16 1.0668154098598974e-21 
0.001591857971330427 7.56412472259978e-08 3.421258923858855e-12 7.123787003813652e-11 6.960791085523054e-22 -4.263861937378523e-15 -8.673688261029134e-22 
0.0019027942568488887 3.781858085000536e-07 6.046313697553759e-11 4.142790778313301e-10 6.550751883892879e-20 2.545400312793465e-13 2.7905341727212286e-21 
0.0020766814215562837 1.028876235089532e-07 5.521623751604358e-11 1.0883024227428585e-10 -6.479881846871692e-21 -6.017035255775197e-15 -5.402238857322969e-21 
0.0018899392867390424 3.3111950220995894e-07 6.17039628513474e-11 3.236102995015559e-11 1.0677584579977402e-21 -2.364326613089713e-15 9.752011111094598e-22 
0.0017786496267708206 7.307592239093781e-07 6.030887137525864e-11 5.2705508281223756e-11 8.508269762218506e-22 4.3613162442829116e-14 -2.8470791973313144e-21 
0.0022800782115284398 5.353676154602349e-07 3.5710902539003775e-10 5.709945110516344e-10 2.3112616679464243e-19 3.6072470148654563e-13 -1.142871589031718e-19 
0.002124646867573129 5.707272866147004e-07 1.0951809590409196e-10 4.4056924914000087e-10 7.473632048021744e-20 3.292729333537206e-13 6.148111588033251e-20 
0.0015356314109879147 2.507290551997627e-08 8.198871038908163e-12 4.3847124022177025e-11 -1.2321656537163816e-22 6.38585586677669e-15 8.221774534123578e-22 
0.0014416251487740438 1.1068400514709424e-07 4.5583676261583734e-11 1.9483352351616852e-11 1.6648367743931872e-22 2.5697841543372974e-15 5.562513054358507e-22 
