0.0014430276667625232 3.7429239416297856e-07 2.0173683826457304e-12 1.0354533678865141e-10 -8.082863768068695e-22 5.776493374726987e-14 -1.2594864296525643e-21 
0.0013610603558692667 2.9404673153415388e-09 3.584503385530164e-11 1.4215498586930808e-11 -2.999817778321881e-22 -2.9573024572957927e-16 1.1393865415685682e-22 
0.001389852177499646 1.2404608391337636e-07 1.1474348058568728e-12 2.8875289300787152e-11 -1.6577111688296208e-22 8.699641429473828e-15 1.2051552262262071e-23 
0.0026345275986520396 7.159679871777814e-07 1.1988642048636626e-10 4.05693914229238e-10 -5.511634847463386e-20 2.591351015836937e-13 7.04788221171602e-20 
0.001664510250763535 3.1900669483221037e-07 4.148514955952025e-11 4.879260284618293e-11 2.164108381218351e-21 -2.0093594766442648e-14 3.6825169316766404e-22 
0.0011426915594108652 2.651686827088569e-07 1.1107076463272727e-11 1.3709613191155171e-11 9.25832281781915e-23 6.545662645355042e-15 1.415935165569863e-22 
0.0020843743163421243 2.1752475224636804e-07 2.1871184915485823e-10 2.1601416440979423e-10 -4.653725549751653e-20 1.6203804598229493e-15 6.231293351865668e-21 
0.0009633983670376485 1.3278896134124253e-07 3.2595120379404047e-12 7.122969594905597e-12 -8.537683258421e-24 1.3625335710038494e-15 3.3242779480909545e-23 
0.0011866426616947473 6.408726323872879e-09 2.911758308914364e-11 2.9109759764589243e-12 -2.4321456618744273e-23 -1.560107893842563e-16 -1.12565266848915e-23 
0.0011747310133806378 1.8766837431068413e-07 2.4470982198156216e-11 1.289970461916214e-11 1.1349234682555425e-22 1.5305424227564427e-15 -1.9911671711531482e-22 
0.0014599550400437055 3.6725211257164517e-07 2.381916705104785e-11 6.7417096170369e-11 1.700794634385244e-21 2.268870077057778e-14 -2.0990115431159235e-21 
0.0012605773203526007 1.0850194826680675e-07 2.1490572512007657e-11 5.881975805129219e-11 2.0881907762647073e-21 1.814735995514313e-14 1.1333152844097358e-22 
0.0019837911218434762 2.163018207672618e-06 7.728231538542197e-10 9.837792002086115e-10 8.5778024460358145e-19 1.4468587242673414e-12 -5.95827894870394e-21 
0.0013431698719654221 5.666413533812285e-07 1.0166861751672624e-11 1.1425239776226624e-11 -5.248642073033905e-23 -1.316180480910743e-15 -1.1139163871046408e-22 
0.0012322973624481343 3.699449162794285e-08 2.164628133196373e-11 3.316364552734756e-11 8.883288284154893e-22 -2.5607686036176706e-15 -2.0113142210705123e-23 
0.0021673986136565666 5.759837338653348e-07 1.5720570591677496e-10 7.700703017451756e-11 4.433022099174302e-21 -1.5102068891561274e-14 -7.220634826809832e-21 
0.001824021352901269 8.153797155896974e-07 2.6380988583805082e-11 7.376073991523419e-11 -1.2809079078908145e-21 3.9490354001586586e-14 2.9910077513221613e-21 
0.0012589377802168233 2.2721857474067338e-08 2.0881956787529608e-11 1.3984874826108502e-11 1.7802005239781898e-22 8.235517128269436e-16 -1.5944728006738762e-22 
0.0013841895811912716 2.9568997858462796e-07 7.596073931385606e-12 1.685653624408259e-11 9.326456208367628e-23 -2.2775312668948442e-15 -1.6638617915745506e-22 
0.0011949325905787475 3.0009232416207663e-07 1.2103966841375629e-11 9.859643955297829e-12 -9.819157686077308e-23 -5.048199880194608e-15 4.4270097279114606e-23 
0.0019562347456674456 6.429037544455204e-07 3.246520804553453e-10 1.305534383063559e-10 -1.5499206524603783e-21 4.847810633462302e-14 2.6832940954541237e-20 
0.0011816054732555741 3.279955951556055e-08 4.404435346493612e-11 2.1437870660430876e-11 -4.789919887086691e-22 7.397992464548193e-16 -4.522302114227239e-22 
0.0014292898850896075 1.875848326594774e-07 4.575660875972484e-11 9.340346130581129e-12 -1.9044624852828645e-22 -3.140023348131493e-15 3.1874192877461766e-23 
0.0009945242054099149 1.2516915093591864e-07 1.0393343637442544e-11 7.258522944323895e-12 5.9782245628151e-23 2.3988940164628785e-15 2.0018583799984593e-23 
0.0014528524541342646 3.10450393130392e-07 2.7825685822238583e-11 3.78238830525503e-12 9.22326606932991e-25 -1.1304441909405024e-15 3.8792644847883194e-23 
0.001239844388831866 2.8932228018232724e-07 3.707337272413116e-11 3.675054837548985e-11 3.988022093332896e-22 1.2352570405293702e-14 1.2965755862239619e-21 
0.001010499911628272 5.704030026899554e-08 1.3660675689216425e-11 1.5118768166780464e-11 9.687523718328842e-23 3.2707533659577666e-15 1.944834674734097e-22 
0.001525960210022281 2.7684825239129095e-07 1.95041539732606e-11 4.1062143959711685e-11 8.122513619589689e-22 -6.058881547747666e-15 -8.310326322980976e-22 
0.0013166057274550792 1.9817237907992342e-07 2.2184757184949107e-11 8.985894412715541e-12 -8.85667456385738e-23 3.866669037630303e-15 9.084435545389621e-23 
0.0016861859194133352 1.761768638828745e-07 6.391378409559476e-11 3.2356504911154254e-10 3.203500884729675e-20 1.351940548245932e-13 3.374707544486758e-20 
0.0011328636075331698 2.2909111487688462e-07 2.3149558734261316e-11 2.2033262897813497e-11 4.504486596479348e-22 9.947151364424058e-15 -2.1145275790495983e-22 
0.0013056146772897532 1.3655850978467707e-07 3.096697263152142e-12 1.1641859230907785e-11 2.241897201168534e-23 4.286881091164263e-15 -6.620821916821107e-23 
0.0015301598289964929 4.280010105787582e-07 1.2832955868066517e-11 2.6038934187235847e-11 1.945229668466788e-22 1.6934603682171205e-14 4.344279424240189e-22 
0.0012684133790324705 1.3993408308511373e-07 3.163547935957611e-11 5.563729948952647e-12 6.094489091193356e-23 2.0253124846669194e-15 4.164330624492907e-23 
0.0012731329224334401 8.376460624390701e-08 2.1916142687312948e-12 6.638156061371894e-12 2.197172378914904e-23 1.1913086416646906e-15 1.2582324495237724e-23 
0.0010237351824052285 1.7155306402093058e-07 1.1701531084053697e-11 3.201796527678212e-11 5.897478400784067e-22 1.2935249404372911e-14 -1.9047156737488442e-22 
0.0010858343282255738 4.170811536394898e-07 5.698152724499339e-11 3.33673281547104e-11 1.3935954592617328e-21 1.6996012024554392e-14 -4.1806954089379976e-22 
0.0024563275796997074 2.1538709315136505e-06 2.0891223575596443e-10 4.102665200200212e-11 -3.7717701432787825e-21 -2.847817544082706e-14 4.47534927259133e-22 
0.0017424816069394142 1.3746517523041846e-06 1.1976457253955941e-09 4.3168699443214577e-10 2.924837966039864e-19 4.205523276063282e-13 1.0392101785245398e-19 
0.0018535416198772014 2.827371028818767e-07 8.897784055241006e-11 4.4551863318496415e-11 2.207948136092177e-21 1.3812353840419676e-14 -1.7300980023071186e-21 
0.0015948889085164969 4.2231159371294256e-08 1.8589380688169997e-11 6.369187166320775e-12 3.4609602780973216e-23 1.0788097195718019e-15 6.004351514366429e-23 
0.0023783657221887744 2.358873828570542e-06 1.1063424775036386e-10 1.4919367120694253e-10 -7.545991500702595e-21 -4.550695867518827e-14 1.761985804720042e-20 
0.00195948034828343 2.348768550922427e-06 8.002760935409838e-12 1.412556600237556e-11 8.328437836504816e-23 1.0834383265436086e-14 1.2497787793739114e-22 
0.0017751306409207936 2.2926384990231732e-07 4.120841715979835e-12 2.0628834832899203e-10 6.01028439772757e-21 9.562793639242658e-14 2.2716849981515838e-22 
0.0017101042869433248 3.64612865543966e-07 9.91918661291902e-12 4.3340206091361974e-11 8.651390973625778e-22 1.1260863264597756e-14 -2.4299450229870587e-22 
0.0013357013061934895 8.522790215771409e-07 5.506834728920649e-13 4.0183888074296926e-12 -1.3415610082271964e-24 1.7401291341666685e-15 5.8251405214374995e-24 
0.0014477585030722858 1.393777655356634e-07 5.329686804246632e-11 4.361384878208451e-11 3.3444071251416216e-22 1.5259888308715478e-14 -2.0759825062552703e-21 
0.0018238723471171359 1.4873820995728229e-06 2.3212556182082155e-11 1.1544831728655043e-11 -1.5207296861518263e-22 -3.3040717131814537e-15 -1.1221275212543044e-22 
0.0013524416556205767 9.286026190554502e-07 4.3560907541528654e-12 7.318957045256729e-12 3.25174923877898e-23 4.923245548365958e-15 2.550376836828916e-23 
0.0011794030190474195 4.6847685587373354e-07 9.417128946018594e-12 1.2209636984047767e-11 7.745603796318609e-23 4.2919971536556825e-15 1.0555184445918794e-22 
0.001884632291478241 2.5911968786494974e-07 3.2085795466789534e-11 1.3808491657067436e-10 2.550860343494266e-22 4.396967957283433e-14 -9.187734776813396e-21 
0.001334433351406238 7.233347701855828e-08 1.9399214673958068e-11 1.5876348349898252e-11 2.780544068818941e-22 4.1937907690050016e-15 -1.780153295515279e-23 
0.0011955050907192985 8.832099074599877e-08 1.0806074446939996e-11 6.907245808227735e-12 -5.1390602937321104e-23 -1.4191162051304943e-15 -3.033304794628185e-23 
0.0022419013012435207 2.108817669589792e-06 7.40814197397165e-11 7.519904667676486e-11 3.520278091401001e-21 9.958869507757433e-14 4.371525489726113e-21 
0.0017723350645358206 6.569160357013845e-07 3.4196827056964655e-12 3.8407792950383476e-11 -3.9334172534787906e-22 5.475869674677175e-16 -1.9756834011036476e-22 
0.0010524923692820855 3.954154348033017e-07 7.2399119024620044e-12 3.519647175987661e-12 -1.7765888801936788e-23 -1.8079527614686504e-15 -2.0316876650040122e-25 
0.0013267697637342828 4.279321215466902e-07 1.5830865688215094e-11 1.8085953232240798e-11 1.98707262089928e-22 8.01438419307926e-15 -2.327444361096539e-22 
0.0016827310042413469 5.240200518284925e-07 1.0486340926140275e-10 1.0255639753390459e-10 9.428711512825577e-21 6.725046181268336e-14 -4.920602321223992e-21 
0.0016223135678131771 1.7101330139212792e-07 4.843096785463206e-11 2.4321838945273293e-11 3.1403298482256534e-22 -1.8739662400112963e-15 -7.734274840736752e-22 
0.0013846696770008068 1.2622998726562804e-07 1.3762061881025238e-10 2.9615850723840608e-12 -5.433099986010651e-23 1.0512403560077758e-15 -2.4959539749095646e-23 
0.0010372371846608232 6.831239001521281e-09 2.0263688429009456e-11 1.2724168506367538e-11 2.0427433933338578e-22 9.892202735466714e-17 -4.148785607088378e-24 
0.001423653608344162 2.833754879362096e-07 1.9475749555904668e-11 7.051086257552801e-13 -1.92147020299066e-24 -3.110202851202761e-16 -1.770723293989437e-24 
0.0010548354653135042 3.8485799416485553e-07 2.820630453660962e-12 7.062745588373993e-12 3.1195409998397675e-23 2.4917236036916595e-15 -4.53573703652171e-24 
0.0015088594003865772 1.1016112929303702e-07 1.7906141792277146e-11 1.0891178428189927e-11 8.447936892580518e-24 -3.5212047408033058e-15 -1.518596359137323e-22 
0.0009987427386769878 6.572760390401553e-09 8.860087152799075e-12 2.96564073289171e-12 1.4294469415062117e-23 -1.3934797056410897e-16 5.173468069348215e-24 
0.001321529898588759 1.20646373354604e-07 1.0576951100696442e-11 5.15579967832075e-12 -3.1036553194847947e-23 -1.2874673023335303e-15 -2.205297649901882e-23 
0.0015778021547953143 2.4297254509499732e-08 3.093429634021743e-11 1.3933484446587565e-10 6.30679602844913e-21 1.4147660134277644e-14 6.626001539491629e-21 
0.002103122975688402 1.6430302685835315e-06 3.6317182292934574e-11 2.787132726557349e-11 -3.1784699478315722e-22 -2.298013161280591e-14 8.278088761690491e-22 
0.0016340326345432926 8.582379159867558e-08 4.2749637668367303e-11 1.9762171779582754e-11 3.3147588279363457e-22 4.261306494236701e-15 -4.691107140898731e-22 
0.0016678716244047066 1.2352710670848393e-06 1.5267391882274054e-10 1.4027383352177654e-10 2.0354711509188574e-20 1.5587698734864692e-13 2.6619597187157204e-21 
0.0020473918790444566 1.630933248002487e-06 1.4426426577430365e-11 2.7158406680798884e-11 4.997470891130316e-22 -3.12549468003821e-14 1.9807929073688593e-22 
0.00160491273994858 1.1485964033294827e-07 2.1296218211328098e-10 1.8431940762504446e-11 -4.344531258527585e-22 -5.807014096939456e-15 1.0699626532713768e-21 
0.0014976470533544298 9.99454052662518e-07 2.573108208833144e-10 1.894262302565439e-10 4.151550448504838e-20 1.7519143474886305e-13 -5.04152148758895e-21 
0.0013175057332024324 1.1193589148003998e-07 1.849560412633801e-11 1.4516402703236754e-11 2.1566318417522316e-22 -3.4658138930626798e-15 1.0033506008448572e-22 
0.001026447264070892 1.8433084719279243e-08 1.582728292115501e-11 2.5342570284492673e-12 5.6217919292190396e-24 -2.2314205471247907e-16 1.5033391552113586e-23 
0.0010156080541013752 5.502151037682554e-09 4.289473076897261e-12 2.295020424978672e-12 -3.433705186996961e-24 5.836218595659048e-17 -6.32941084991577e-24 
0.0010935492269437067 1.3115643076735327e-08 3.5340275851930155e-11 8.111363778175926e-12 2.6175701284405874e-23 -3.9738507109626583e-16 -1.3481565892999322e-22 
0.0016221833074170444 3.6213265859106935e-08 4.953130795116052e-11 4.7856317645175193e-11 1.0464917983763162e-21 8.476042310598158e-15 2.0817245920893728e-21 
0.0018197232550161077 1.0873426731781785e-07 3.537020436238005e-11 3.355480235174485e-11 3.0376444301747494e-22 6.1096468892276475e-15 -1.1153564229109341e-21 
0.0012383861157489796 2.5766375258967447e-08 4.185617497133063e-11 1.851196575817427e-11 3.9102589441796176e-22 1.7171061484842944e-15 -3.356053110253538e-22 
0.0012603315756091653 3.8668525307245496e-08 2.7658365225833123e-11 1.50042142428284e-11 -3.053708385186495e-22 1.5324447334595259e-15 -1.3203525910515813e-23 
0.0012177676993197655 2.968932809196676e-08 3.047070817631112e-12 5.220640695435997e-12 1.0203075779226432e-23 -3.5914359797900916e-17 -1.8151087850490301e-23 
0.0016019682089921474 1.1858143818138718e-07 3.998344047557642e-11 3.275160400179713e-11 -7.402266001133844e-22 9.297171051535934e-15 -9.256058288199526e-22 
0.0015188452314363321 5.397642873157828e-07 7.652411401028294e-11 5.939185331162551e-11 3.86836680093806e-21 4.3623711085511357e-14 1.0331577172174502e-21 
0.001624714383607072 7.964185629961361e-07 2.1972496851092526e-11 3.4098294927584856e-11 -5.301959208868344e-22 -8.95480471800459e-15 -7.681218074595776e-22 
0.0018739248750085727 4.537974571959729e-07 2.909493760354965e-10 3.5058803271409016e-11 5.784182002141833e-22 -1.1686967486853578e-14 3.493260271777924e-21 
0.001485401203803336 3.239496813676006e-07 1.3935194167042985e-12 4.447566304446488e-11 3.471936815261252e-22 4.104754313933176e-15 4.5317564683784735e-23 
0.0010325078630906322 4.9280682518987384e-08 3.3625260321838265e-12 5.584127144395127e-12 -1.135963420314775e-23 -8.130050409636947e-16 -2.136504107439782e-23 
0.0014989798232659644 9.440829260839821e-07 5.536740687324249e-11 1.0503616584486988e-10 7.813669787761351e-21 1.0191347899678592e-13 1.762813468086014e-21 
0.001402283525546375 1.3643877082707728e-07 1.285933066304792e-12 2.076505797679102e-11 -4.442995061606544e-23 -7.252766942422547e-15 9.767167620754901e-23 
0.0012555856282975134 2.435867301321117e-07 2.8211237374917676e-11 2.5316382976286598e-11 -1.8671809170507846e-22 5.723507202648695e-15 6.502961169806844e-22 
0.001974276838379373 9.109149172357743e-07 1.147578761814327e-10 8.601239333348281e-11 5.4911972362029255e-21 5.715587196587704e-14 -6.547575860647389e-21 
0.0014555453838428674 6.848510463152431e-09 3.7310380107124455e-13 3.3564542177223986e-11 1.0989544506910895e-22 2.436399040371279e-15 4.506882787367652e-23 
0.0011382567530187405 6.3176557034724316e-09 1.3836924026595948e-12 3.803055270135372e-13 1.3722418420728558e-27 -2.9883436572878657e-17 -2.758756448095303e-25 
0.0012014101052368869 3.1285011716787553e-09 4.8004996999188444e-11 1.7560123989361768e-11 -1.7321168229741585e-22 -2.242834749245455e-17 -4.7951575446783e-22 
0.0014492270001538684 5.872696209337398e-07 2.431522066766531e-10 2.206237611876037e-10 3.63106297726553e-20 1.4628594292345538e-13 3.59542443426624e-20 
0.0017948979164518716 8.358137968914686e-08 1.883861506109963e-10 3.332857407746334e-10 -5.572835328745813e-20 -6.785379659391899e-14 6.219829025800906e-20 
0.001926166514963709 7.593030214143681e-07 2.2953645544149414e-11 2.0198347518744133e-10 8.571040507028974e-21 4.897028452032738e-14 -1.0755656588124506e-20 
0.0014282892528618824 5.34869838722138e-07 2.234445713947692e-10 3.4532418973887346e-10 8.225961867454029e-20 2.382903072429227e-13 4.93425728138098e-20 
0.0014994152424358965 1.0414907960157979e-07 9.191199915864951e-11 7.707445209850781e-12 4.676924923858185e-23 -2.4848532090846164e-15 -1.9973816094873631e-22 
0.0015531715365923217 9.45586932124899e-08 5.392776995082156e-11 1.8144632189132784e-10 -1.7426278497769778e-20 -5.3528718013533064e-14 -4.298133543783343e-21 
0.0015047041511369102 3.9390118662940664e-07 4.628458986740392e-11 3.9877915616682735e-11 1.3695694648906905e-21 2.1678990761744358e-14 1.0292972979546244e-21 
0.0014683128623023364 3.9230559236181944e-07 5.605253322063351e-10 4.3194818911162766e-10 2.0261448573723003e-19 2.70435806445528e-13 -6.419925144614293e-20 
0.0011909491954449514 3.670881444839772e-08 2.286899344648909e-13 1.1053383836502804e-11 9.201461193480546e-24 -1.5622000167987214e-15 1.4972394134835548e-23 
0.0010433624297099568 3.3708642224555426e-09 2.205656695396361e-12 1.2747858504229715e-11 -6.149281029261416e-23 -7.001445504004224e-16 -2.807015714827154e-23 
0.001364117744473961 2.5465642927247567e-07 1.5456586226319418e-11 2.1480921304142716e-11 -2.1556486129834956e-22 -9.294849390539221e-15 -3.2670562084434465e-22 
0.0017386262596655786 1.2715114063643622e-08 1.0450940731686876e-11 6.229011535750601e-11 8.020569712491927e-22 9.525142678781886e-16 1.3720732698076566e-21 
0.001646790239521256 7.771726301732578e-07 4.923882425905346e-10 8.197185472380507e-11 4.2008200703328135e-21 3.9084985018059746e-15 1.5923591790526816e-20 
0.001257373470613415 8.133948926102339e-08 2.743396354843568e-11 4.3683475082738774e-11 -6.057590547500132e-22 -1.1032207937897488e-14 -1.385611308342566e-21 
0.0012900431641036734 2.198877400108523e-07 3.796650905814445e-11 8.193089446746716e-12 -1.3005604039746308e-22 2.158271983094131e-16 6.297669347053543e-23 
0.0013254000394855865 3.253060043484575e-07 2.589273742919426e-11 1.4010130323896373e-11 2.6380750787602627e-22 7.741340638308026e-15 4.012001235791389e-23 
0.001293424119384433 5.658680388733278e-07 2.1099113368425928e-12 4.692962934415169e-12 2.590294117947316e-24 -3.5082017291894606e-15 1.4538405145225232e-23 
0.0014655050725001213 8.776030627215156e-07 6.743818234193672e-11 8.230618132223839e-11 5.079552381271527e-21 6.531825533129858e-14 -3.4350368633979734e-21 
0.0016904803875411997 3.189177409076659e-07 1.214228882937315e-10 1.2353135105070025e-10 -6.645380417911593e-21 2.9076391048405755e-14 1.3591604753492943e-20 
0.0011272930243345829 3.1961618521344474e-08 8.994244436458021e-12 1.027251955814804e-11 3.0960406416010293e-23 -1.8222746755792656e-15 -9.376167236803623e-23 
0.0013879035246582073 2.0587783470913685e-07 4.123809021468319e-11 3.257290008211172e-11 8.645776617318512e-22 1.2964450530187496e-14 8.232127629733967e-22 
0.001155341810858832 4.685986854424505e-08 5.9677093154367305e-12 4.985519689959558e-12 2.656648828530957e-23 7.590814133275553e-16 -5.807154638602178e-24 
0.0023901506950548858 1.2412151728208601e-06 3.287018602802823e-10 1.9402563026537438e-10 3.245062933412681e-20 1.6434221494850722e-13 3.671357382139474e-20 
0.0009424555324247187 8.021414530862736e-08 6.16764540000409e-12 1.5393036798300924e-12 -3.819436001664319e-24 -8.395631666555751e-17 2.811980811539561e-24 
0.0013354761134112445 7.416515787348478e-07 7.078562134007077e-11 1.9299726247683357e-11 1.4956667477767348e-23 -1.0856979361659363e-15 7.131875706781285e-22 
0.0014303143656017607 1.2200785174601903e-07 1.7717631522301032e-11 1.986383868146815e-11 -3.6246352935289038e-22 -4.42294986496601e-15 8.652143693618108e-23 
0.001809785120009926 1.2444651711873985e-06 6.345387049765897e-11 2.6282626308578105e-11 -3.2771159246199913e-23 2.2089187004206893e-14 -1.0728269519751744e-21 
0.0014514142076809912 4.986337382097153e-08 1.6129368425740727e-11 9.894728710855886e-12 1.0110555852889459e-22 -1.778133958229977e-15 7.350503528693568e-23 
0.0018820856100289479 7.110159029439074e-07 3.4575717343612734e-11 1.7986557682140483e-11 -2.4578371985743106e-22 5.688664356694361e-15 3.7521263289962745e-22 
0.0014245226994804715 3.463800157635921e-08 5.046280749400795e-12 3.99228060827886e-12 -1.3892192498331925e-23 -5.41123018320683e-17 -1.1318248946184362e-23 
0.001989653218273819 5.708115364982224e-07 2.0139420379465115e-11 4.0986460115198107e-11 -9.672785137073099e-22 -2.0675979226120256e-14 6.715851177193127e-22 
0.0017475369397497633 2.8409992683980483e-08 1.650516987136579e-10 4.8869499835434877e-11 -2.266186813726547e-22 3.355200889482072e-15 -4.383158304017692e-21 
0.00171514319856242 5.03968042458793e-07 1.7640034487155815e-10 1.773499265171639e-10 3.035552835528129e-20 1.2542322440926102e-13 -7.907966833195208e-21 
0.001351716459106713 3.653550418667471e-08 2.7171519290817897e-11 1.4298136081514019e-11 -1.2955003415053783e-22 -1.4342518280615325e-15 -2.5028158166129366e-22 
0.0014630551658246227 2.5562184340225868e-08 1.0763703278152462e-10 8.49715186933278e-12 2.494416779874334e-22 1.1197144876345639e-15 -6.176581969695798e-23 
0.0013700187477111087 3.3538686855369e-07 3.0780746608265243e-12 5.354174659985636e-12 5.309634447911002e-24 1.1155704773328583e-15 2.1077446724330762e-23 
0.0013796704144081393 2.321645379065895e-08 2.639581798276662e-11 3.075058332687199e-11 -3.919046295058267e-23 3.0600662755230727e-15 -8.7521073290765e-22 
0.0011979363620926791 2.349912425462725e-07 1.7367616859686743e-11 9.133786718059497e-12 2.6450812419722818e-23 3.4200478747723296e-15 1.1195716265051574e-22 
0.001270866232842699 4.694015165549738e-08 2.414185448143059e-12 2.070388367875861e-11 9.072088753878436e-23 3.560947031248938e-15 1.1486940310533472e-22 
0.0020899121331730587 1.189301500204609e-07 3.5442436834993805e-11 9.438186465304964e-11 5.445228408503571e-21 2.893530607519452e-14 3.8423025992156603e-22 
0.0017267280489183436 2.6168007761161953e-07 3.334413099428564e-10 1.453844213454411e-10 2.6065332046262164e-20 7.436482229042708e-14 -1.858070261671201e-20 
0.0017670967741455399 1.1197750570811524e-06 5.1841286758566224e-11 1.0300233556025169e-11 2.37701158699959e-22 5.6625145657955786e-15 -1.2263219793128778e-23 
0.001281367003793913 5.352490175890172e-07 2.4889960880171435e-12 4.742068472556343e-12 4.72165517345141e-24 -3.4518070796793116e-15 1.5592380335703074e-23 
0.0015534388330431465 4.434152242835044e-07 4.013985388687654e-11 2.4302651609623993e-11 7.049101924820781e-22 -2.338300089178975e-15 2.815194812627484e-22 
0.0011587322222477246 1.0795111895397385e-07 1.4869613117676937e-13 1.0067534334889454e-11 8.088559389396144e-24 -2.753461331999236e-15 -9.290013878490862e-24 
0.0016431739747603644 3.298523975446305e-08 3.359579787153423e-11 3.050903302232908e-11 9.291475389248775e-22 -5.523026840109231e-15 3.012191721845848e-22 
0.0011956872833057406 9.372615202209726e-08 4.763028374573002e-12 1.5037245742045116e-11 8.893511215008505e-23 4.463850963710286e-15 -9.102642956476711e-23 
0.001204402153392545 3.144862481334684e-07 6.768505527917285e-11 3.518700812645686e-11 3.912293998288577e-22 1.1316119478507069e-14 -1.6720353380960564e-21 
0.001436289092254779 2.0795646791995174e-08 2.844181326545005e-10 1.2963921678949373e-11 -7.86937355782565e-22 -1.8540296127171166e-15 2.020313728193328e-23 
0.001196954207668534 3.4980322176579254e-08 6.825300148841976e-12 1.3158616354895244e-11 1.3726812476271552e-23 2.3331159449742306e-15 -1.2394500255894654e-22 
0.0014710542438350583 2.5634090076046435e-08 2.268043813920735e-10 1.4819967693378472e-11 -8.487187227486286e-22 3.420729672276539e-17 1.3382494036625767e-22 
0.001592582600487738 8.611163955862216e-08 2.2712235363354978e-10 1.8904056415994503e-11 1.1563160044307184e-21 3.791982415188961e-15 4.441676606509098e-22 
0.0011733452796869827 1.1189388398493765e-07 2.908910886386028e-12 1.6695109576871228e-11 -1.1482319535945507e-22 5.532154589555619e-15 1.8758459741587817e-23 
0.0014609755689944308 4.138956502328725e-09 6.110792402701594e-11 3.5172550809236656e-12 -4.822219784822239e-24 -4.773502997193433e-18 5.133896966551276e-23 
0.0014071877811000612 1.0247868217253273e-08 8.318259497279369e-11 7.470552894709712e-11 7.658628453277078e-22 7.060270545830334e-15 5.8390394153984345e-21 
0.001439231048295862 3.3718682524515954e-07 9.262617100827885e-11 2.1450796683543582e-10 3.005282466748964e-20 1.1821304917498988e-13 3.3280130563906606e-21 
0.0018201861639876229 1.869814468314233e-06 2.093074939641911e-11 7.30422021240706e-12 -8.778491718018737e-23 -9.646578845202329e-15 -2.1221580742823265e-23 
0.0014364739981541966 2.4722789251634705e-07 6.034404309294995e-11 9.38311289811145e-11 2.3248101289878236e-21 1.7470281017470893e-14 -6.6668143426553295e-21 
0.0012506139807535281 5.027000487786878e-08 1.567060741047991e-11 2.858173063399269e-12 1.738712938433711e-23 -5.609404040679224e-16 7.97360979411338e-24 
0.0021530553793885805 8.223657894530475e-07 2.827878049530835e-10 7.445795692227463e-10 3.3169281053556646e-19 6.562753497533736e-13 -8.193278010685911e-20 
0.0023856908201119994 2.920968108314708e-06 1.2231975107592525e-11 2.5414870255893007e-11 2.307659319839018e-22 3.563240461230878e-14 -3.841165177450905e-22 
0.0016098721937943129 6.033141004903021e-07 5.322256096198456e-12 1.0787017596724539e-10 2.2416311719089355e-21 7.675831893764264e-14 -1.2866431727762795e-21 
0.0014590987854431214 2.9901618941350415e-07 9.047465972584894e-11 1.625156023387012e-10 9.934167359105507e-21 3.72068302992468e-14 -1.7019175498428956e-20 
0.0018408853695519277 2.3723164088537962e-07 3.671364828018399e-10 1.6692449979463816e-10 2.3883385615043917e-20 8.007529938129811e-14 3.372225331984749e-20 
0.0018092250308607944 2.5148998940760935e-07 9.866765153960825e-11 1.5026009460068263e-10 -2.8513072078788197e-21 6.76738009104474e-14 1.807231650548505e-20 
0.001512554494953487 1.556006903926404e-07 5.1265483910345e-11 6.176635469337816e-12 1.9713455144916654e-23 -2.4334013923520308e-15 -1.081284893942351e-22 
0.0019385029069681355 1.7791098463335626e-06 1.701067649346239e-10 1.3577415033702943e-10 1.7008248944960892e-20 1.6927847323933444e-13 1.1682778765962257e-20 
0.0014196877814838108 2.0732474558119863e-07 5.05780106431417e-11 2.2823770250581604e-11 -7.152605213602595e-22 -1.0324620094142608e-14 2.9957914414603993e-22 
0.0014159508132899508 1.2197468889293328e-07 2.7197185880102727e-11 8.206882865437695e-12 3.467005801861693e-24 -1.6442464089593403e-15 1.2256194535124434e-22 
0.0013531466190264785 5.599300829296951e-08 2.555801810276523e-11 2.7000181947968322e-11 7.05995023952748e-22 5.958353381612874e-15 6.811509811391332e-23 
0.0014199048606717713 2.3469333280935923e-07 2.3578800414961503e-11 3.0850500223526e-11 8.103589784673473e-22 1.3896180033385789e-14 -1.8878732030486907e-22 
0.003115321325923481 7.703519248729497e-06 1.5540795828671626e-10 1.6487779911906273e-10 2.6385540250374205e-20 4.575793174254256e-13 6.044003022855807e-22 
0.0012528006696726057 2.384962179606081e-07 6.708477716417232e-12 8.630179229076536e-12 1.0220543702734394e-23 2.797549116549201e-15 -6.486591478042668e-23 
0.0012677509238482243 2.189500916857421e-07 1.4815041391905114e-11 1.545179891598944e-11 4.1030092579088725e-23 1.5573418475791088e-15 -2.301582158485914e-22 
0.001560179467402757 1.632285695556985e-07 5.4298133188702035e-11 8.666535271357876e-11 4.72340689205757e-21 2.7037859828071452e-14 3.61024838136427e-21 
0.0032670722218012898 5.978416555426943e-06 2.3269949415835803e-09 4.478278999980981e-09 1.4452379384437796e-17 1.0773393572875007e-11 3.469204471614549e-19 
0.0010834708929778126 3.5068897219213865e-08 5.588624655912204e-13 1.3218048876405187e-11 -2.5870601992671197e-23 2.2401475579137315e-15 2.4927044455480006e-23 
0.0019121815002447731 9.367888455191791e-07 3.6299083405816315e-11 4.577737133644431e-11 1.6490139792737457e-21 3.959066166596492e-14 8.734465028687116e-22 
0.0012832083392734467 5.241672303133971e-08 3.411760671723814e-12 1.5071676656704088e-11 1.0633958096745235e-22 -1.5024825596427009e-15 -1.9298775480938255e-23 
0.0014458775690338187 9.241349967235173e-10 1.356850848375459e-11 4.562835971060749e-11 1.0651074009951096e-21 2.827225895557321e-16 -3.9306237879425566e-22 
0.0014449347151900206 8.698190697215379e-08 3.364061952049057e-11 6.3396031595619635e-12 2.944109733934407e-23 -4.074133249305895e-16 -8.777579983518126e-23 
0.001542591505177096 1.0292366776216332e-07 3.1499344580431644e-11 2.3844632700217636e-11 6.174343543499635e-22 5.520455234180257e-15 -2.140551532260793e-22 
0.0015890798557062831 2.2470560688671057e-07 7.820095766446581e-11 2.1990407189227384e-11 -9.098685410291936e-22 -3.824839197301462e-15 -6.11086546184193e-23 
0.0016799081148372592 8.464529601649391e-07 3.5204062771656525e-11 3.976981827025583e-12 4.5684156651904986e-23 3.4886745879979045e-15 1.1284735434370799e-23 
0.0014084528327376615 5.507311561788679e-07 6.736290593576652e-12 5.695833938616605e-11 -7.854248123258754e-22 2.302945177155116e-14 7.923940612161781e-22 
0.0016508910319668172 5.634371472090478e-07 1.0756954616353167e-10 2.995186790600281e-11 -7.539447815684322e-22 -6.530955860106588e-15 1.523807091155302e-21 
0.002050581040372458 1.5777885778255023e-06 1.7949031918579547e-10 8.048045897108214e-11 1.4320882827133987e-21 -8.537271930972382e-16 9.566289513776573e-21 
0.002113758111552648 6.044091688392976e-07 2.6206527316171036e-10 7.734349113030047e-10 3.1908875681961066e-19 5.660227899723099e-13 -1.3939905983899357e-19 
0.0018374356849897443 3.784711444808735e-08 4.055096609242342e-11 1.814661882431037e-11 1.150903269306012e-24 1.611382906948297e-15 4.922582358426964e-22 
0.001674716679787531 1.3197443550497302e-07 1.4415255275722785e-12 3.442401410434556e-10 -5.621087468276883e-21 1.2089445780199757e-13 -5.216069009079021e-21 
0.001603149934319649 4.4000004946537016e-08 3.599874316551702e-11 2.5081835840564804e-10 -2.0231428418786048e-20 -4.358871636977951e-14 1.2598075002343697e-20 
0.0016033352859701816 6.282118349434395e-07 1.750711170029217e-10 7.448717831196876e-11 1.9193889471785487e-21 3.0228837114463524e-14 8.286698211277417e-21 
0.0018797827222553224 4.6271119955704704e-07 2.946815638642278e-10 3.641144189006432e-11 7.970934862877389e-23 -1.4434932479221158e-14 3.770824254798147e-21 
0.0013963438835924843 4.908210968682963e-08 1.7814617023772138e-12 3.1455308574716235e-13 -1.1534831113648091e-25 -2.906857075854573e-17 -2.0527847032058805e-25 
0.0015046192803433848 2.0989265441684244e-07 4.487794824459605e-11 7.096797231815631e-11 -8.236203327062406e-22 7.660689150587273e-15 -3.919468566461684e-21 
0.0019313868672053377 2.043136994298602e-08 2.5636897335808515e-10 5.488816064033658e-11 -3.582389927373631e-21 1.7385403668473237e-15 5.436929225792819e-21 
0.0014359832388776003 1.9380400178213575e-08 5.88811275124981e-12 1.6720247155768247e-11 -1.6172135479965494e-22 2.1104969772936025e-15 3.7009963489384416e-23 
0.0014095785857005756 1.4383360992588372e-07 1.424498502931109e-12 2.094234430570374e-11 -7.312055174820572e-23 -7.452410953635152e-15 8.796195207128112e-23 
0.0010423406198090215 3.3691956527064756e-09 2.175344951610412e-12 1.2547788327621691e-11 -6.079527427277107e-23 -7.06573997904354e-16 -2.4526948210103958e-23 
0.0014949672167587332 3.6154487282468354e-07 1.4943463455433524e-10 1.8980580282262278e-10 3.05592986991887e-20 1.1407521007175133e-13 9.378794696784221e-21 
0.0015748800281937822 2.0958413065852304e-07 6.689562522173296e-11 7.244343834913178e-11 -3.1480062614012797e-21 -2.864192035821057e-14 3.9399108999036244e-21 
0.0019374846185502062 1.8755080279185182e-06 2.473873194763409e-10 2.4307174318165724e-10 5.919340777298478e-20 3.2140728729519655e-13 -7.001650681833773e-21 
0.0012114253410427352 1.0130581600959513e-08 2.8248549643813682e-12 1.1072443824118561e-11 3.5743480240456146e-23 -1.0886365606274131e-15 5.0567394614711787e-23 
0.0016781491046568597 6.412921099475337e-07 1.4466390598493713e-10 1.971149679933548e-10 6.350034316247412e-21 1.4883724306178724e-13 -3.267451754043474e-20 
0.0013165722941231937 1.0992583739905946e-07 2.434307966943362e-11 5.505068476777913e-12 -5.380724624739978e-23 1.806354435545926e-15 3.4147729056302714e-23 
0.0017953039733598422 2.303999821610735e-07 3.8378330068530065e-12 2.153320714948391e-10 6.180310183254571e-21 9.90953887561855e-14 3.501357177417847e-22 
0.0014314049209771015 4.296480156767768e-09 1.2431284706985175e-11 1.9520561869459754e-11 -1.8683414743857066e-22 -1.043189838651928e-15 2.3991940051053583e-22 
0.0015314471371238043 4.5967818636584616e-07 1.5425051510960907e-11 3.492609226957013e-11 -3.6794465866035647e-22 -1.7479267626164387e-14 -7.223468974070319e-22 
0.0013864670569207881 1.7624957037934488e-09 2.2409281099140506e-11 5.10378961214799e-12 -4.2186727565035445e-23 -1.361208538366962e-16 -3.463415930795083e-23 
0.0016355150363483563 2.8555965877314858e-08 6.653875235936786e-11 7.028869176754678e-11 4.6131985477510946e-21 1.1852235269865338e-14 1.3508265895448896e-21 
0.0016356031808120754 5.989374636048798e-08 3.388666600135926e-10 1.1633148931107944e-10 -1.3460354619328053e-20 -2.6014686713329133e-14 -1.8769709720803562e-20 
0.001402393381599267 9.694793073471756e-08 7.616965291145934e-11 2.074271371041678e-11 1.536404429034422e-22 -6.454362991495841e-15 8.100560213777243e-22 
0.0017299012350160295 6.242844130318067e-07 2.200882695315093e-10 4.0119308727814334e-11 -1.3887937553702918e-21 1.7742882169902158e-15 3.5047564878698255e-21 
0.0016258586458584982 1.6733743221114007e-08 3.163764894733852e-11 1.270159704771688e-10 7.733865019953534e-21 -1.871941493991419e-15 -2.240045894855096e-21 
0.0015895302387847424 8.227762829327207e-09 7.772097021116e-12 1.3049710889407644e-10 3.697976915091033e-21 -2.828288696225917e-16 -1.8965487918438674e-21 
0.0009295721731603275 4.379244220016022e-08 1.6001312806506753e-11 8.750926942848474e-12 -8.84909013449799e-23 -1.634946859966037e-16 5.378100977426566e-23 
0.0013951650232685118 4.1839896118396375e-08 2.969794464019015e-11 3.0226243229970326e-13 6.178701174137397e-25 6.10963346081943e-17 -6.620871294602873e-25 
0.001730432669976263 2.6040001041047313e-07 3.329821842022987e-10 1.4539661747413374e-10 2.6144783479351815e-20 7.418076890144739e-14 -1.843748930802955e-20 
0.0019028917591969485 3.5735938277372246e-07 1.109481289117912e-11 1.5446825207097335e-10 3.791513956000747e-21 -6.17840921929451e-14 -5.1494037077615675e-21 
0.0011260192528120753 2.934141868111554e-08 3.7098037049604216e-11 1.971284099214998e-12 -1.6629507980572618e-23 -2.8947690576373434e-17 2.764559017298766e-24 
0.002114236850628028 1.771115728507896e-08 5.065193786486443e-10 3.017471658959187e-10 -8.146376284951263e-20 -3.6530467565758944e-14 8.532300778122171e-20 
0.0015860983903483446 9.204104231119152e-08 1.084991117858641e-10 1.0419848043290905e-10 3.81919645836375e-21 -1.9149811845323494e-14 -1.0400028066854142e-20 
0.0014574128473754623 7.152469861904123e-08 1.0828832003374784e-10 3.852293049428776e-11 2.2327040162447374e-21 -4.948591797372047e-15 1.0980573986235823e-21 
0.0016584959324852369 3.3683716997598735e-07 6.758157027040864e-11 1.042119618716798e-11 -2.751409105092714e-22 -5.514403295889702e-15 2.7987696954541633e-23 
0.0016812304337348988 1.4296608667389494e-07 1.5694731634203534e-10 8.386456204665187e-11 4.9618914927195824e-21 3.148622640606193e-14 -8.243403417511582e-21 
0.0015777642534389297 2.0658568441723898e-08 2.1487543539964127e-10 7.779061397517449e-11 -1.0033037480322412e-20 -8.747690939676423e-15 -6.990969915694182e-22 
0.0012351635867180136 7.354363152797983e-08 3.4033315941737345e-11 1.127265763042865e-11 -2.1776526673576024e-22 1.427773675813674e-15 -3.645892963767532e-23 
0.0009153728813304548 1.091103596788951e-08 2.4318145013823023e-11 4.511171246796488e-12 -1.819086559592401e-23 -4.701866134358664e-16 4.3607659479481964e-23 
0.0010958968239493203 7.82245734684459e-08 3.392839331765102e-11 4.802526047046977e-12 4.145500865049947e-23 5.666364670771937e-16 -4.5162131921844565e-23 
0.001207881208093004 2.611509461027579e-07 1.8555375671718344e-11 9.24250370275721e-12 3.575686327707342e-23 3.781351585576068e-15 1.156351216345083e-22 
0.0012698384114201064 4.575918302506733e-08 2.261727312168557e-12 2.150792563692061e-11 9.328946325213736e-23 3.604379778358836e-15 1.1747271067642942e-22 
0.0012000580394215788 7.268939628399124e-08 4.8457214373891074e-12 2.1672178207320605e-11 1.669768208637827e-22 -4.27942620722301e-15 1.464364445093173e-22 
0.001620233687281814 1.7869654100812612e-07 7.12103273674408e-11 9.27911190366473e-11 -7.054915439565157e-21 -2.1817865274055628e-14 -2.668634754891856e-21 
0.0011676466686156252 8.796456574558665e-09 2.0344240277702144e-11 2.8584866153027225e-11 1.8280238051558327e-23 1.611399239140033e-15 -6.890840837177022e-22 
0.001501211289710743 5.768269347007818e-07 3.657896353994088e-11 7.847203550626243e-11 2.8016575558781434e-21 3.2926608375074914e-14 -3.1347082355579475e-21 
0.0017432327375389652 3.48614884113637e-08 8.603960559871669e-12 1.2395688090197384e-11 -1.2801053997570411e-22 2.3066535577678426e-15 8.438279384785e-25 
0.0013756425316020216 1.125739444139958e-08 3.025120971395478e-11 6.235572101908781e-11 2.53487953015553e-21 4.1658873005450114e-15 9.533651867417506e-22 
0.0010855072237858563 2.6967724766522993e-08 3.0776371503290585e-12 3.091527943526949e-11 5.235462527790367e-23 5.0708801776184795e-15 2.9697680559642545e-22 
0.0012861199318486387 4.6036759489741986e-08 4.110403072519534e-12 1.76397911665908e-11 -1.4763371218122196e-22 -1.5507362578976947e-15 -2.7669815117445836e-23 
0.0013940635893028145 2.3201136298368206e-07 3.264312470938169e-11 2.9825231195667644e-11 -5.1624876618055987e-23 5.51624809548843e-15 9.291852885140605e-22 
0.001148940481964415 3.08245486287628e-08 8.613335079000267e-12 3.582413878313657e-12 1.9359567192903384e-23 -3.0190550093035024e-16 4.605462867230254e-24 
0.0014620845100095756 1.63378346936325e-07 1.25871633047309e-12 3.3413970823806093e-12 5.9320811440473316e-24 1.0730219913665732e-15 -3.430552171292555e-24 
0.0015213067531387914 1.5800003737723956e-07 7.127249944970904e-11 7.424763499359552e-11 4.369652820678761e-21 1.9564178486221607e-14 -3.1746464312202976e-21 
0.0010878267895645742 3.338706851928222e-07 6.015159148899711e-12 1.1660140858006923e-11 6.452603153086118e-23 3.871921874233473e-15 7.329544008872832e-23 
0.0015417800079374224 3.700425370239092e-08 4.918485935772041e-12 6.438752344120533e-11 1.0563028909097996e-21 6.8716029516660065e-15 4.440035613877488e-22 
0.0012549708811736677 2.547154634947351e-07 3.087234604892828e-11 2.6988738234773672e-11 -1.3212151303018588e-22 6.876739674264323e-15 7.677527208269147e-22 
0.0020320927035906208 4.8108721686653e-07 1.995905757514337e-10 7.967022134987526e-11 -8.369111638108412e-21 3.048307458250523e-14 -5.557858389210369e-21 
0.0013652719129935782 1.630509638959203e-08 4.306122529515388e-11 1.1222964696888136e-10 7.053673336326682e-21 1.3176999674566428e-14 -3.3341438907321058e-21 
0.0011738425105440214 2.001589409450638e-07 3.102300374823348e-11 1.163491935064225e-11 -1.9193901835609085e-22 -6.075570292022707e-16 -1.096436101594482e-22 
0.0012948233820873453 3.557944489072581e-08 6.130186277341355e-11 2.6248423190918743e-12 -3.24923513596378e-23 -4.2729275255755414e-16 7.271085680794363e-24 
0.001564437534392157 1.9418189283382542e-07 7.788465415078534e-11 7.245995344284492e-11 -3.3246210692314938e-21 -2.7819859679187222e-14 4.31020613817779e-21 
0.0019524093062120913 1.9033024835944126e-06 2.7695806674991155e-10 2.595660307168047e-10 6.919663706575052e-20 3.412323398764638e-13 -7.436818356385847e-21 
0.001212421178070153 1.0345909822133909e-08 3.376663225186396e-12 1.1151990415059256e-11 4.082702162090747e-23 -1.120013685050514e-15 5.492156304434313e-23 
0.001922222011132404 3.5404012835206146e-07 1.1988085613270734e-11 1.4916284247818716e-11 1.8461126704599518e-22 8.874000809299924e-15 -7.55302482268702e-23 
0.001457608036441656 3.761967004686818e-07 7.470663656339032e-12 1.3499102140329219e-11 -1.2728956332731962e-22 -5.337734910572389e-15 -4.6629754672843486e-23 
0.0015519725533513586 3.9903280970344884e-08 1.1637939687323495e-11 1.4227274393620644e-12 5.25288626060617e-24 -7.764441744293424e-17 -2.433585907470525e-24 
0.0018811219300980207 7.443250883603143e-07 9.890340877471479e-11 6.32104636820533e-11 2.994870214399946e-21 1.9911413542035793e-14 -4.0012414358064194e-21 
0.001296588679059031 2.3102483455476155e-07 1.6572494880760088e-13 1.7111781362688274e-11 -2.7813053972836326e-23 -7.597383186504816e-15 -7.537087138084933e-24 
0.0015865102130012288 3.47134312108843e-07 2.7852201876313632e-11 9.259597268668631e-11 2.859544842509192e-21 3.674606014097998e-14 3.733014946390036e-21 
0.001232707568624459 5.43904523684697e-07 9.373085491588605e-13 2.182509874838847e-12 2.4148647023742095e-24 -4.1097772976601827e-16 -1.9780651088016687e-24 
0.0010209542699529026 1.969912999458514e-08 1.2644727996145464e-10 2.8643679291327416e-12 2.993060059102856e-23 -3.397364155604826e-16 4.5560916579758504e-23 
0.0012330932487407793 3.320595608405876e-07 2.6756022616437533e-10 5.093790317140797e-11 5.926777604574129e-21 2.504299165219486e-14 4.857494495856642e-22 
0.001294133740235888 4.95804969394021e-07 1.5334027911570165e-11 2.3190283916906588e-11 -3.475779471565015e-24 -4.549470779142787e-15 4.372939864154469e-22 
0.0013813450055254616 5.646713877964978e-08 7.605199325638123e-12 1.9285178166261662e-11 8.528629443972327e-23 -4.391079878914578e-15 -2.1742720982133265e-22 
0.0016558897530841372 1.2841858080538925e-08 1.2635928202845352e-10 3.5275598099608425e-12 -5.393318890472211e-23 -3.951990431620657e-16 5.136005574989255e-23 
0.0023808811868310316 2.35196432558205e-06 9.801019079969565e-11 1.4196870540697762e-10 -7.787890930360644e-21 -5.915014614351845e-14 1.4825473299004996e-20 
0.0017490768501665262 2.9304402485210252e-08 9.239377486262614e-12 1.2323149143888447e-11 -1.3146849005073255e-22 2.0637449730134847e-15 2.5587083894343177e-24 
0.0013591949061402318 2.746652572168386e-07 5.551905898063423e-11 1.3291179070425334e-11 -2.9603916726492887e-22 -3.984363690422087e-16 -2.066816181183603e-22 
0.0014681259623611613 6.093093143089648e-07 2.5315277773850734e-11 6.521301965237497e-11 4.0024946261687435e-23 3.9752305164019224e-14 2.649373939520391e-21 
0.0023396851708809823 2.9344604345554718e-06 2.2796915387714373e-10 6.052867094940744e-11 -2.078875759142014e-21 -7.421239841115777e-14 6.799466050017312e-21 
0.0024788448065599595 2.4540363681385343e-06 1.2434387453158866e-10 4.597486266967787e-10 8.903628021416494e-20 2.673077338263057e-13 6.44658455723528e-20 
0.0018393566547791084 4.035909034061146e-08 3.705544375891943e-11 1.861872121625256e-11 -7.231118019758383e-24 1.5998838986835051e-15 4.889937440047619e-22 
0.001413665106041386 2.473058284998054e-07 3.924804303268223e-11 3.149088403288627e-11 -1.290131170522654e-22 5.623584631385641e-15 1.0995557365159957e-21 
0.0010878971531484319 1.8871339520045443e-08 8.668623632517521e-12 6.8153960865126735e-12 -4.8201577822659065e-23 3.681728615921661e-17 2.051478690443281e-23 
0.001092407486874124 2.6137432077968804e-08 9.434116389179734e-12 6.8677395042152285e-12 2.671846337115066e-23 5.677542263997578e-16 4.839471639339944e-23 
0.0011596664293839916 1.555186476203536e-07 7.39096125504384e-12 6.026188181537174e-12 3.639758210280727e-23 2.082553012773338e-15 1.7107280638620596e-23 
0.0012161210447900585 2.561925295411501e-07 1.2119272975207461e-11 1.2606034276222443e-11 1.5548474006610701e-22 6.364200390689942e-15 1.0121558143414347e-23 
0.0012680793047968146 3.4367189178903807e-07 7.918432745162037e-12 5.4308109348402735e-12 3.145706591483346e-23 2.9495817509784847e-15 1.669688531349244e-23 
0.0010876046488587517 6.418101575297671e-08 3.023396143769275e-11 1.3361408915553091e-11 2.5788965137723895e-22 3.130574233423107e-15 7.49151559156931e-23 
0.0012668501947080855 3.6328908759766113e-09 4.432001799634514e-12 1.1490611215020677e-11 -1.7386908408452227e-23 -6.821976825898464e-16 8.013563763441709e-23 
0.001443077478288226 7.473894456028368e-08 1.8044475760771372e-11 1.25560621177515e-10 -5.924744119093932e-21 9.447998148559946e-15 -7.853958657392239e-22 
0.0015064389265655271 1.7082055747434834e-08 5.0551074944000864e-11 5.727571220247776e-11 1.1746278287127002e-21 6.431956759976439e-15 -2.849291515206942e-21 
0.0015865736224776295 4.80959895614666e-08 3.939494471266288e-11 2.330239567973396e-10 -1.99523002315807e-20 -4.1068516994450065e-14 1.0018950699620807e-20 
0.001267842734301449 1.4308912669092782e-07 2.691382195620093e-11 3.5633148609987675e-11 8.41232371397538e-22 -6.6513134083149195e-15 7.141579335719573e-22 
0.0013885943912261454 4.747903842834884e-07 2.378291357731159e-11 1.729256309613739e-11 -3.4576832539133793e-22 -7.815485261652591e-15 5.853820949670103e-23 
0.0011220677838764321 1.1729219043590087e-07 9.952173728214102e-13 2.3590987008526455e-12 3.3808064994798945e-24 -5.839413375525732e-16 1.2792800544089364e-24 
0.001874614138841636 5.862147621489866e-07 1.6707266754494418e-10 2.0031786689014398e-10 2.17836173013133e-20 1.4442284753460576e-13 -2.946927749124257e-20 
0.001547073181722923 9.512171285014092e-08 7.77265870321021e-11 1.3786334270806066e-11 3.4826267915889283e-22 -3.791247152937796e-15 -2.870155456016258e-22 
0.0013118837648120208 7.951219385220657e-08 6.075136380728297e-11 6.247538579290608e-12 -6.649284933783885e-23 7.199945185874726e-16 -1.019463595390102e-22 
0.0015263060931973858 1.6373144270361684e-07 7.364817418264446e-11 7.561774313634298e-11 4.544496550703243e-21 2.029661429013754e-14 -3.345437886097133e-21 
0.0012793804129418546 1.375625766326306e-09 4.804114156137305e-11 7.614225520473067e-12 8.135347081979807e-23 -2.4230743343985535e-16 1.2078561200469132e-22 
0.0019148701656936625 4.253643241262753e-07 1.3671672971162225e-10 3.738784855590635e-11 2.491732436469471e-21 1.6004687405883915e-14 9.677024432032826e-22 
0.0013595674274892717 4.002009566099116e-07 3.3231903256740375e-11 8.35505240664747e-11 5.470930045314716e-22 2.8313812855023306e-14 4.368395006115694e-21 
0.001628314674284258 3.9451114863985026e-07 5.980193177602638e-11 3.7454902654178576e-12 -2.790322999925092e-23 -2.0257643056132372e-15 -4.8617520982199903e-23 
0.002400712119751088 1.0292815207329426e-06 5.564383270474124e-10 2.1643909447377146e-10 7.443587310512057e-20 1.7193467234922733e-13 1.0059070798140218e-20 
0.002325612539604744 2.5592003267287318e-06 2.7628752472634057e-11 2.367933662370701e-11 -1.6306664865542573e-22 -2.064576351845612e-14 -5.83303961760276e-22 
0.0015599039193460004 2.2872944680654907e-07 5.626803297324752e-11 3.2185286214814047e-12 -4.235565533116883e-23 -8.103049042560528e-16 -9.05554486851679e-24 
0.0012974429761457907 7.120306611822775e-07 1.7410113702551673e-12 1.967105219290365e-12 -3.604986599821861e-24 -1.6503927740828266e-15 -5.061241958664516e-25 
0.0018218063054838112 2.797963726754582e-07 5.860739748849689e-10 4.973243701076402e-12 7.940475933085214e-23 -1.3755757200860787e-15 -2.564845523547208e-22 
0.0011927343670840545 2.920648523758989e-07 1.1652751708381429e-11 9.887025956107404e-12 -9.912737934050641e-23 -5.098355181185468e-15 3.789487822370524e-23 
0.0013579758188023454 5.007435413253598e-08 4.1900657536815043e-11 3.0433917836775124e-11 -7.339510740949717e-22 5.113689933685826e-15 -8.015216313681904e-22 
0.0016392024757169383 5.882072676572914e-07 9.60662341723581e-11 5.6070652473559526e-11 -1.403840651562434e-21 1.664905092713518e-15 3.868324557369966e-21 
0.0013347083758222644 6.756574786585232e-08 1.7647260539247853e-11 1.5875312864465998e-11 2.6567405373917646e-22 4.0845541511910945e-15 4.8697714238054175e-24 
0.0020896836739370153 5.263709389174274e-07 3.1763504823833326e-10 1.0821688658390227e-09 6.008863526522053e-19 7.411762099176158e-13 -2.0366576432351957e-19 
0.0012821121821518372 1.564360777561352e-09 3.22126067807963e-11 5.319702083713762e-12 -1.6984670713167927e-23 3.623221846027564e-19 -6.753457409284217e-23 
0.0027427797858057936 1.3515874258735704e-07 4.3505645096647095e-10 8.832522921028339e-11 -1.1099837596456058e-20 2.4995053411386985e-14 1.3288029410992573e-20 
0.0014987662093839194 3.5581966951262215e-07 2.665536821415074e-10 1.3053727043809813e-10 2.3300442474205296e-20 7.608991103740796e-14 -7.070975042383148e-21 
0.0012929307077595483 4.379803619019434e-07 2.966698954780217e-11 4.3452315980873544e-11 9.544847569840558e-22 1.9633093895918483e-14 1.2340633232293393e-21 
0.0011680081690272242 4.038333885802115e-07 5.612604211356147e-12 8.411863362153404e-12 -3.8672939842254977e-23 -1.6022889744462992e-15 -4.295499018992285e-23 
0.0012467421922491007 1.7200378349759828e-07 2.015746345249436e-11 2.381713271016604e-12 1.2642772158164587e-23 4.817832485152987e-16 -1.0606405888746678e-23 
0.0022921280113744813 7.098920600037466e-07 1.9185777955410832e-10 9.030356971954666e-11 -4.699183029567558e-21 -7.460662149292771e-14 -1.09179698218571e-20 
0.0011817129403378739 1.1740493737729462e-07 5.144980872017178e-12 6.746081511879347e-12 3.3151895393299265e-23 -2.2958836953780835e-15 2.192077840047927e-23 
0.001496595436020971 1.897365011406519e-07 6.789864023933443e-11 4.590231105144577e-11 -2.5587363766010132e-21 1.7497867416951384e-14 1.4083185446202673e-22 
0.0016002392621132827 5.634079899037072e-08 1.0497813611160374e-10 2.1727449666578304e-10 3.222646242487546e-20 5.1238288993359233e-14 -6.183081342744938e-21 
0.00123657729394178 2.4877142487623372e-08 4.2890553540157085e-11 8.477290149986467e-12 -1.4847564456690894e-22 -9.534347228037822e-16 6.391075795827425e-23 
0.0013391582182386101 2.4232531874044744e-07 2.844787810103262e-11 4.418828986245183e-12 -1.4498183376988948e-23 -1.7743750460570834e-15 4.7374574318502923e-23 
0.0013837306035644292 2.09635149146795e-07 6.07704841516456e-13 1.9699517699642364e-11 -5.472067345340654e-23 3.8811677197002813e-16 -4.0637874566391243e-23 
0.0013385439504841913 3.048640483815993e-07 4.412483614680853e-12 4.75201863857422e-11 -4.9439785765547826e-23 2.6102027548619553e-14 -6.863330190112652e-22 
0.0020996380799382427 6.649899543226287e-08 2.490996171565521e-11 7.110273675168156e-10 7.28649316611023e-20 1.585994596490865e-13 -6.037391304816404e-20 
0.0014790689081319976 4.861005168116106e-07 2.3597706707820223e-11 2.2081984704534063e-11 -4.808037918057497e-22 -1.538542204489559e-14 1.513792900685931e-22 
0.0019000163777993927 1.5808379809698772e-06 4.898197520426407e-11 3.146765514920465e-11 1.1983677424500935e-21 2.3167831299646047e-14 -3.0029648734274854e-22 
0.0013662263952143486 5.22161925746535e-09 3.559828417731564e-11 2.568147500822749e-12 1.7669310170036553e-23 6.364507082521172e-17 -1.7051572041831928e-23 
0.0017964708151742737 4.803223463013722e-07 1.4460377088940477e-10 3.8891110239664624e-11 1.3361802461287258e-21 3.99722550331953e-15 2.5924361993935654e-21 
0.0016157421884139397 2.929774532037162e-07 1.7601691477150706e-10 1.711244341323022e-10 2.967878262697008e-20 5.9681653177431e-14 -1.1019654044923833e-21 
0.0011605998692711392 7.456872441874382e-09 2.701659686332095e-12 5.330196496815102e-13 6.349780918415599e-25 -8.17988003209689e-18 -7.701855170312501e-26 
0.0014369113060412359 3.6868840198953774e-07 2.8025342347495705e-12 1.0885473881936805e-10 -1.0575508376212698e-21 6.035222154770016e-14 -1.580018486314041e-21 
0.001481438006926128 1.8818397032005781e-07 8.697772509878614e-12 1.6177759990296776e-11 1.1858938415514439e-22 -6.5926057619517425e-15 -1.5087508833135195e-22 
0.0014068408924166288 1.854214558178142e-07 4.710491334201419e-11 2.168189213433023e-11 -6.845985004334616e-22 -9.329010324667934e-15 1.070218783568985e-22 
0.0018662981563652879 1.4002007633740888e-06 2.8389042960792174e-11 1.3493371801874893e-11 -2.627593241434978e-22 -6.418288812240275e-15 -2.65028053274019e-23 
0.0010280151613607255 7.37722556688175e-08 1.424021375357731e-12 5.866742228790719e-12 3.1131949161911995e-24 -5.386921327656051e-17 -1.6668957630412108e-23 
0.001145156997394673 1.589895112603768e-07 3.304466296510351e-12 7.783620535169234e-12 -7.230058839475716e-24 -1.1281355348025933e-15 3.880733311707685e-23 
0.0015081705344690286 6.049791181776122e-08 2.373807206050377e-11 3.5934648599373586e-11 7.2450147955212645e-22 8.01090046805793e-15 7.593421633640137e-22 
0.0011984568756449733 3.959848094250348e-08 6.746416402990366e-12 1.3417506470133843e-11 2.3922107376753114e-23 2.4462547385993678e-15 -1.2539544143343873e-22 
0.0017015448313098588 1.7842173966903296e-07 1.0273277780908305e-10 4.3137773361627705e-11 4.448391058735465e-22 5.899356630297361e-15 -2.8370506354259443e-21 
0.0015799942821669312 1.592127978788285e-07 2.0786242232578633e-10 8.862790418414749e-11 1.2027578892435342e-20 2.521420159983114e-14 -2.08902966436693e-22 
0.0013372068636022002 5.3201053002668605e-08 3.5980326088095545e-11 3.28238494795353e-12 5.00998496344402e-24 -5.95065201063072e-16 3.53175489888304e-23 
0.0016144299708664937 2.490338672239134e-07 9.640031043423179e-11 8.367345391848561e-11 7.29186587385345e-21 2.370552658854169e-14 1.817079582968171e-21 
0.0011970902495029839 2.3262136834589312e-07 1.7706266866556115e-11 9.326446040510098e-12 2.813764533774332e-23 3.4816031738043214e-15 1.1650012032165606e-22 
0.0012688186632078134 4.0541415707242165e-08 1.8004634293245503e-12 1.9613536433126322e-11 6.29110822623627e-23 3.117008752786957e-15 9.81170597416065e-23 
0.0013997522996404572 6.173350476871218e-07 2.684053358530601e-12 4.5561356735799214e-11 1.9407669362827735e-22 3.1529850757649744e-14 4.649586319079064e-22 
0.0012393330329271799 3.440333211392878e-07 1.2243694534295218e-12 5.540887715552653e-12 -5.855052419316955e-24 -9.525547587105506e-16 -1.3190897740217969e-23 
0.0010882464551757545 7.116399824222213e-10 1.3892885698575686e-11 2.5694549102396642e-11 4.634180357169903e-22 -6.791433029208664e-16 1.446367248761733e-22 
0.0010693109499166724 7.91200471292471e-08 1.1085279463359997e-11 7.076990355167369e-13 -5.488466300863361e-26 9.459684145725632e-18 -1.9814343344035973e-24 
0.001528693080642264 3.12458390578249e-07 1.1601162055293253e-10 2.572518735216125e-11 7.187057879735066e-22 8.05663086751905e-15 1.2076868860371398e-21 
0.001370753050364402 1.9829139641095992e-07 1.647408860854889e-13 2.8724311272359168e-11 2.2951298452583542e-23 -1.2782794730319448e-14 5.811713720815575e-23 
0.0018633623721151455 8.13086178469251e-07 1.5240859769930165e-10 6.520997279328342e-11 -2.6827353353286292e-21 -3.57235599922351e-14 5.921577070373814e-21 
0.0013452899475699391 3.91781439678425e-08 7.107747861366864e-11 5.1219325361148736e-12 -3.062418317901412e-23 -9.776757970856194e-16 9.280529935171712e-23 
0.001661192584415154 7.562957067188459e-07 1.134877772179483e-11 6.391685902865524e-12 3.6932478724609784e-23 -1.7360022241978923e-15 -3.9992833545293756e-23 
0.0015265780045432757 6.884475684214235e-07 3.8272817495892255e-11 9.724709308701844e-12 1.3067589264246978e-22 3.0585031786420254e-15 1.3461797838325153e-22 
0.0025433735301270783 3.2675682540128357e-07 9.862031524215102e-10 9.409443423684179e-11 6.12600905732419e-21 1.9258008056769173e-15 2.800121030878061e-20 
0.0032493290579343813 1.2735757564175784e-07 1.8225512934576814e-10 1.7683258946485153e-10 1.6768479747543736e-20 3.2500430233403354e-14 2.6955524080029667e-20 
0.0014071980069611497 1.0148984412511006e-08 1.0531541032317585e-11 8.130159024112137e-12 7.100629161150962e-23 5.498910883907511e-16 2.4854570057405882e-23 
0.0017710325801905853 1.3458154104024424e-06 2.0650120246703416e-10 2.0738513467575904e-10 3.1552014010584864e-20 2.4031673460417645e-13 2.9091673763703223e-20 
0.00202125947932682 1.4098110615610785e-06 1.436529797028997e-10 6.5503043827984e-11 5.6223036007544926e-21 6.170067924924914e-14 2.960312758967355e-21 
0.0015319355653252448 2.1298590648288605e-07 9.03965447832969e-11 2.892858848716267e-12 -3.427278468860638e-23 4.5403738561716436e-17 -3.1840395335710923e-23 
0.0028790280202815473 2.8329744214930232e-06 3.447081282569544e-11 7.631601999724066e-11 -2.9128317895178476e-21 -2.2739877574316758e-14 2.6147310509581564e-21 
0.003008777958490201 3.624473247530841e-06 6.447290054405194e-11 1.7356602133743297e-10 -9.852721938015388e-21 2.0235388691320534e-13 1.5493018944620964e-20 
0.00153915375126458 8.370695133518359e-07 3.154960860243937e-11 3.5764017766962995e-11 3.581438923846843e-22 3.017650541173186e-14 1.1467144772957818e-21 
0.0028747588220269975 4.491242811323874e-06 1.5556492177569818e-10 9.595283122721083e-11 4.521308511198071e-21 1.582821845403205e-13 -1.0816139790650461e-20 
0.0020423149980100573 2.1455394211132697e-06 4.8445426461118284e-12 1.9273635317038736e-12 -5.710647686112887e-24 -2.125591939002583e-15 -1.4400216821910238e-24 
0.00147883917297049 2.7726075023713265e-07 6.800650457312654e-11 5.5395358326819764e-11 -7.85938081052151e-22 9.773912445600685e-15 3.3079662393499433e-21 
0.001035552974341056 1.794672030221789e-07 2.2090631658328202e-11 2.288546694118387e-11 4.39039955976667e-22 9.692617962860507e-15 2.683753218067969e-22 
0.0015131812055469765 8.001186874404012e-07 4.666496377686864e-10 3.9015904084115737e-10 1.6303047620998145e-19 3.4510902292226424e-13 3.3706563490838556e-20 
0.0016013600267427092 1.525490356054383e-07 4.675075071142011e-11 4.254014818489951e-11 5.987733378369686e-22 7.322771855347624e-16 -1.8001392900106953e-21 
0.0015037482576030791 5.983625206392535e-07 1.9530030612710498e-10 9.869769449609399e-11 9.401270823228662e-21 6.161371603228992e-14 -9.96920912309719e-21 
0.0013944081012162682 7.674034852800727e-08 2.0202693265395926e-12 1.2543417741816842e-12 4.776267910298012e-25 2.5717949650062876e-16 -1.9388065435371186e-24 
0.0015132025158451578 2.2659376693939455e-07 1.5076253768533148e-11 1.2046102068512107e-11 8.576629615930307e-23 -3.4734008206543757e-15 1.378307805406496e-22 
0.0013568536910548762 7.530047760356778e-07 1.721416001316512e-10 9.28422178250352e-11 1.167144051955163e-20 6.214037746679856e-14 1.2398503874124461e-21 
0.001262046285786753 4.1362104085527244e-07 4.4911162551992687e-10 7.93244085910463e-11 1.0367778792977132e-20 3.549954408854727e-14 -1.0801749246230272e-20 
0.0015742254270354095 3.5607930709197605e-07 1.8030969171850307e-12 5.001155921871959e-11 -4.137826920632696e-22 -2.98385120693685e-14 -2.3308228691888906e-22 
0.0015383890770746351 5.661996635190667e-07 8.418728657559649e-11 1.169915266774807e-10 9.202503942453707e-21 5.978771079912613e-14 -7.079553724875564e-21 
0.0010615875956102023 2.6767634392433793e-07 3.998200896804448e-11 3.8501664226840855e-11 1.4832914154099944e-21 1.5087585118312126e-14 -2.859733994178484e-22 
0.0014608710386578617 6.413182530231918e-07 6.328034374237195e-11 1.946464403764771e-11 -3.046779592534439e-22 -7.259371890516502e-15 6.1142420789185055e-22 
0.0010550564869147184 1.980357674114031e-07 5.256284612635274e-11 4.9426509010709054e-11 2.313106418297226e-21 1.3286637630041043e-14 9.981960147100025e-22 
0.0014407970080033573 6.09005682453087e-07 6.108934815794081e-11 7.327554568505406e-11 1.7184854044258833e-21 3.048912525907316e-14 4.5914842471032986e-21 
0.0017562809453878342 5.602511969443381e-07 1.1228824386621626e-10 2.7433821546808927e-10 1.2676825233388103e-20 6.156665225082901e-14 -4.645130773269684e-20 
0.0022961151448235772 7.726354139679337e-07 3.528336515141276e-10 2.33743093857027e-10 -1.2376298442364545e-20 1.2501200359185085e-13 -6.597558024566619e-20 
0.0014457009486843974 7.783139640080523e-08 9.927350153780645e-11 2.565856250583186e-11 4.2123089171810876e-22 6.07081128862569e-15 1.2245627346325382e-21 
0.001095484869445781 8.030320823152236e-08 1.9144097772511924e-11 2.789978699447482e-11 4.921251304883395e-22 7.717485599573926e-15 -4.166148554972912e-22 
0.0015811769721425575 8.984417183094132e-07 2.253547101918717e-11 3.794005570948836e-11 1.247713440030494e-22 3.1063453495704314e-14 1.1023410193556848e-21 
0.0012351081040915782 5.413777476448941e-09 1.919556809123571e-12 2.500229175734402e-12 -4.519016752589484e-24 1.6123603909937164e-16 3.0951271234889678e-24 
0.0015369179279576678 4.397218928206658e-07 1.1844124910585068e-10 1.3637219689715588e-11 3.661893323802423e-22 -8.701007816782396e-16 -4.0778907213274e-22 
0.001136009620462678 1.1993827643506243e-07 3.00263793092568e-11 4.098397588956733e-11 8.6849602365895e-22 1.3639504428956743e-14 -1.1457474739627758e-21 
0.0017423331064139915 7.976426341700563e-07 7.393136537330797e-11 3.6359930094618996e-11 -1.884889176125085e-21 -2.912611074131353e-14 3.2133847171434655e-23 
0.001327437970564643 5.656834515590061e-07 1.578060190680726e-11 1.1646051521445801e-11 8.204208396610013e-23 8.701270967269e-15 1.348907100368945e-22 
0.0018031725044105422 6.24411992605489e-07 1.3039428372600694e-10 1.0478968766637596e-11 1.8893089218721246e-22 7.587814929496733e-15 -3.381531947227331e-22 
0.0017101400298584267 9.365017575089012e-08 9.118313461751379e-11 2.0108926924007945e-11 5.572033448192645e-22 -5.80575387390155e-15 -6.564855665151852e-22 
0.0018908613212926502 1.1230374803718927e-08 1.2552246528390909e-12 4.051755670606761e-12 4.2456825132742426e-24 3.2441328903283353e-16 8.091192691719485e-24 
0.0018469822948582611 1.1045843679116554e-07 9.454856993856982e-11 1.2593738943968126e-10 -1.3645690286454902e-20 5.324404271463277e-15 1.626659613231692e-21 
0.0018195247296240468 1.688071394500814e-07 1.1594890677138931e-10 1.9096502448380952e-11 -3.129338304120135e-22 -6.851865328023926e-15 -8.4234535189184805e-22 
0.0017010029410922094 1.3512831057486766e-06 4.2973341485431115e-10 6.120379664352051e-10 3.07190354399803e-19 6.689339780073579e-13 6.446946566866862e-20 
0.0020157821555142055 2.1372267842501545e-06 2.937087616076546e-11 1.9384666947404232e-11 -7.991953418059517e-23 1.7189591529068453e-14 4.555796739884417e-22 
0.0021535441329828256 3.1967628985405543e-07 1.234012833528735e-10 1.2928335355660635e-10 1.5063534319699643e-20 5.5525224972075484e-14 6.3042498136077635e-21 
0.0013805962000211643 9.111631005046606e-08 6.517509696050526e-12 1.6880983707112923e-11 5.305560186773397e-24 4.994628655699512e-15 -1.7698743004145308e-22 
0.001656624704263529 1.9997104702830293e-08 8.507631469825344e-12 4.765169184612453e-12 1.2085904238535599e-23 -3.2824323499669674e-16 2.782935487093229e-23 
0.001552486043110448 2.9162897756260632e-09 5.514313298661733e-12 9.756306137721574e-13 -2.0020438179689213e-24 1.768649333665575e-17 -1.0548635265591642e-24 
0.0014925778693919561 1.97736129394781e-08 1.9276218108416687e-11 3.617214707649325e-11 8.327991348118528e-22 -3.595091401084394e-15 -4.677182373158042e-22 
0.0015302483456781143 1.5161956079872343e-09 2.3335537189827904e-11 1.691181604136531e-11 3.0743460347283787e-22 -1.6539753020962306e-16 1.3548641120484e-22 
0.0013621449973388526 1.1186044071541187e-07 1.0612949887822533e-10 1.1784185238416412e-10 1.1409759068507945e-20 3.277095741736551e-14 -6.594800487084842e-21 
0.0025499254628110527 2.164785684002277e-06 1.0742748671144047e-09 4.727431504115332e-10 3.347738699207016e-19 5.687305755748455e-13 -3.7752150380979644e-20 
0.0017095034194111983 6.844779842998591e-08 6.382608785570583e-11 1.6510378782901828e-12 1.0547485260177904e-23 3.0924084769763433e-16 -1.326675188214675e-23 
0.001352560902675514 1.0969981580492173e-07 9.825971099370475e-11 1.1111893021329285e-10 1.0204239154185692e-20 3.110728897067965e-14 -5.539760326357797e-21 
0.001481555173581443 5.23392214180509e-07 6.554076913159035e-13 4.528729909001842e-11 -1.0145278943837131e-22 2.7088472720392883e-14 -2.2490572845344098e-22 
0.0020341216746837757 1.7006160449679175e-06 3.819988807665617e-12 2.835306780228803e-11 3.319592367587463e-24 -4.579588176543563e-16 -2.9505545296446678e-22 
0.0015615086901904166 8.466552518430838e-08 1.965101674727566e-11 1.0811359377493599e-10 -4.718407438627617e-21 6.351694599123505e-15 -1.6029489510987934e-21 
0.001371197682300585 9.616385823947569e-09 1.0567020929640474e-11 5.045265973558611e-12 1.8918331923199948e-23 9.097030765710961e-17 3.160972285558634e-23 
0.0019611339783834375 1.3821752111278962e-07 2.1455080028663563e-10 7.997165876164306e-11 -1.0207890366214901e-20 2.942372692460595e-14 2.3520793298593607e-21 
0.0013458989022181256 3.869602514208088e-09 5.438500304626067e-11 1.0859313925183252e-11 -1.8338488390056312e-22 1.426486026637736e-16 1.8977461270399345e-22 
0.0014919205831246023 6.806589409126114e-08 4.2834418265659755e-11 7.817572199792416e-12 2.7548704555640865e-23 -4.784891130544361e-16 1.4037777370402548e-22 
0.0014602200099248421 4.637438699294152e-07 7.24301724274933e-12 5.7391428308814684e-11 5.116323889224274e-22 9.622253047376393e-15 1.0523366980217731e-21 
0.0016184572652527948 6.718685628309228e-07 3.1449956415357374e-12 5.736256653680761e-11 -5.779660123942241e-22 2.658269135591397e-14 -5.0948162395746095e-22 
0.0011758044429272586 2.1098806564005542e-07 1.4840604968792657e-11 2.478528943188089e-11 6.36650103331579e-23 1.0776801048744879e-14 4.71070927974877e-22 
0.001218782226309044 1.7989815029612725e-07 3.313800735334315e-11 7.852431011750102e-12 8.095314911103265e-23 -2.453986795288146e-16 9.742460067947947e-23 
0.002093039186520651 1.5738922699719458e-06 1.2464632651773027e-10 1.1895057484215863e-10 1.0209251068827975e-20 1.3624243413565945e-13 -1.0274164527899156e-20 
0.0013798714153124064 6.241527788561243e-08 1.6592380855540078e-11 4.3512223439152056e-12 -2.868373781881608e-23 -4.484613622615036e-16 -2.3327267630353772e-23 
0.001491784233867139 9.189489623866114e-08 4.5558822857462674e-11 2.6195986290424105e-11 -8.411384151488898e-22 6.6706677151173506e-15 -3.338752676109401e-22 
0.001497215816291786 9.717107929366623e-07 6.668119568391061e-11 2.4219858230453246e-11 6.316966240250158e-22 1.7386238901302218e-14 7.4049050781506035e-22 
0.0020376559370371377 1.4217250363440115e-06 2.1795659895320394e-11 6.105735831748358e-12 -6.889550341256024e-23 6.727323870057524e-16 -1.4648514512078139e-23 
0.0017982748420541767 1.3691094457575482e-06 9.240034274939294e-11 1.4516455514742883e-10 1.378608925166687e-20 1.5216880822050958e-13 9.622779183435809e-21 
0.0017052699787578098 1.4059891932641079e-06 2.395461989612496e-12 9.522625053897636e-12 8.230364641908153e-24 4.16256128788465e-15 4.4730071066458616e-23 
0.0015928302088803687 1.813003387544699e-07 2.5222979604727194e-11 6.249687399791841e-11 2.453627204236305e-21 -1.5923549403757684e-14 3.6978859448008913e-22 
0.0012382174254386262 5.058130322917455e-07 5.3530334367348765e-11 4.5322230281080987e-11 1.1230160395052463e-21 2.293028874365871e-14 -1.9293333278303183e-21 
0.0017540909150515827 1.32115147035143e-06 4.380358626445968e-11 1.7168102878281855e-12 -1.086119511086451e-24 1.1961934170827677e-15 -1.4848395981686018e-23 
0.0014772044962543234 7.747609723158293e-07 2.158068048553482e-11 1.5026638248341963e-11 -2.543819395139418e-22 -1.2315494179126152e-14 -9.226783451757732e-23 
0.0018126950870730556 1.2862383891276505e-06 2.887335122770436e-10 2.3289791036927606e-10 5.991694145258457e-20 2.5950840001480924e-13 -7.579508480577654e-21 
0.001942720328382903 1.0709222041794861e-06 1.2873007792826461e-11 1.7490621480241417e-11 1.566369252910845e-22 -1.70994457760389e-14 2.1058321097204697e-22 
0.0009985335782531012 2.4782054122999614e-07 6.66695802970721e-12 3.279340815110477e-12 -2.5877438853770684e-24 7.962362927051039e-16 -1.511364934586647e-23 
0.001988579910283861 1.7701116411144045e-06 4.345743968239781e-11 1.733695583810833e-11 3.88409202337631e-22 -1.0015556164452664e-14 2.749430540809367e-22 
0.0015254715180552656 8.904873392947017e-07 1.5822625635159086e-11 9.091664075309999e-13 -2.992013876780659e-24 -4.242986759126422e-16 1.714230968497148e-24 
0.0015324245801923314 9.644751784267805e-07 1.1868379678193098e-10 8.980158072696995e-11 6.090132263893179e-21 4.288826820214969e-14 -6.989978049225938e-21 
0.0013361263221397376 2.672863857744136e-07 1.99201649401518e-12 1.4918631978654534e-11 -7.876979720297936e-23 -2.947641008645935e-15 -2.023755876440018e-23 
0.0015674913449608468 1.0886515087116262e-06 8.51131097274077e-12 2.2724542882768166e-11 -1.9249246864540212e-22 7.700396960381006e-15 -2.506540039690783e-22 
0.0021423323688159906 7.474058575025281e-07 4.494502432622911e-10 7.748098737694039e-10 1.186482455670453e-19 5.837821227125151e-13 4.415662156968659e-19 
0.001387922633076278 1.4827751550599968e-07 1.9597891614988836e-11 1.1581230604032101e-10 2.9581734269019332e-21 4.418354985555404e-14 4.65738455066965e-21 
0.0012476998098406248 6.026225001225973e-07 2.5955616526311038e-11 1.1985379021105774e-11 1.1492640172009156e-22 2.236867057047453e-15 -1.7742458881660591e-22 
0.0013194630434219148 4.591828800281956e-07 5.5339425513545636e-12 6.959314475514492e-13 -5.9606119520097825e-25 -2.7614316882159007e-16 1.228799451987294e-24 
0.0016057305478087256 3.566124355945854e-07 4.4416925436134993e-11 3.730183096965506e-11 1.1846955607814131e-21 -1.8098098922058578e-14 -9.496617458578227e-22 
0.0014509908098827389 9.552934782613833e-08 1.3276930777503383e-11 2.3088607614179296e-11 4.286518934751377e-23 -5.031387237272681e-15 -4.0196666524762536e-22 
0.0024337189043680965 4.052114228812469e-06 6.446883271454768e-10 5.102856287111942e-10 2.9033723358129182e-19 1.0271882019746901e-12 3.696766393650721e-20 
0.001257780786476625 6.624864898207677e-07 2.617251937775293e-12 3.773806686120936e-12 -1.0490161739187822e-23 -2.1817474708054314e-15 -5.5336242742565275e-24 
0.0015527942666177877 6.194395361605132e-07 9.530395948751322e-12 7.178612172883429e-12 -4.615528314109493e-23 2.326213170091585e-15 -3.735351126051369e-23 
0.001450911497197875 9.674059677655444e-08 1.4056861837016464e-11 2.199613237648779e-11 -6.1138992695380136e-24 -5.236505876506639e-15 -3.867313778042944e-22 
0.0016220550475703045 6.368904194566296e-07 4.0578739396395004e-12 3.738440340416137e-11 -8.096721042047365e-23 -1.2958706785028692e-14 -4.532779882620442e-22 
0.002358455736371313 2.6555764075935383e-07 1.1102442452605062e-10 1.195248991088735e-10 -1.2667293901447572e-20 -4.1744801326748504e-14 5.3963112946148126e-21 
0.0017191599915643858 1.0223260313170832e-06 1.9731646020162155e-10 2.3043696968264547e-10 2.688131467363428e-20 2.0328145602996933e-13 -4.113214834793644e-20 
0.001536961227252071 8.887676698367034e-08 1.7545092947147425e-10 1.2427526479105336e-10 -1.171792488427052e-20 4.405422173221174e-15 1.412239043290222e-20 
0.001958502542966127 1.923071689203924e-08 2.3457964711058358e-11 2.433342796607391e-10 -1.526224601034685e-20 -3.0683422069927935e-14 -1.0249439710182785e-20 
0.001259065152127151 3.3873407670217176e-07 3.765923625803332e-11 4.771643007358211e-11 1.6133214944403107e-21 2.7701871839710364e-14 1.2200925323961615e-21 
0.0023825183179995778 2.4752792483814115e-07 4.310545697663603e-10 2.1327447737217595e-10 -2.0168379507607153e-20 3.7665777621468043e-14 6.144020131703465e-20 
0.0016387688250119263 6.448698540567261e-07 2.0147407423670088e-10 1.4643675486850187e-10 1.9256600540519242e-20 9.71554826081092e-14 -1.6181532546674955e-20 
0.0014891662207870842 1.7976571516959436e-07 2.2753079566795963e-10 1.0533142274275809e-10 6.31711764915896e-21 1.3204719911365069e-14 1.5033010060910362e-20 
0.001526819499428709 4.792910252599102e-07 4.3984308891848706e-11 7.268463998392999e-11 -8.842306181741146e-22 2.735078446059504e-14 4.01347514600168e-21 
0.0015614831217313696 8.08328861934168e-08 5.544913426828488e-11 2.1685881323341113e-11 4.162839591466199e-22 -6.126908837413476e-15 -6.262579816566454e-22 
0.002058486674607775 8.700489594461404e-09 3.5698782667849655e-10 7.998866519953181e-11 1.0943284369858664e-20 7.314297872508627e-15 -7.933764230162127e-21 
0.0017029885161413713 3.2624209818388993e-07 3.3180560333905864e-10 2.822109737374552e-10 8.096014976840307e-20 1.607708080604209e-13 -3.0052665598655666e-20 
0.0012653001744465495 1.671785130646602e-08 5.31710075816093e-11 5.085075047320399e-12 -6.288914056178454e-23 -3.0077254896259815e-16 5.510355455031059e-23 
0.0014745715454418894 1.935423151498605e-07 2.216443700980502e-10 1.1795374335514153e-10 1.4064203424517272e-20 4.6010871146643284e-14 1.2881726363951959e-20 
0.006049580954600668 1.2344828155478683e-05 1.1862670635309983e-07 3.102593652636202e-08 1.839352000357871e-15 7.80404884224216e-11 3.995874921583424e-16 
0.0021460186158044005 4.87024025689313e-07 1.4256061183208682e-10 8.527159703681793e-11 -9.054977359263626e-22 5.199254613930987e-14 -9.357992798036059e-21 
0.0020141108059022208 8.279778760508567e-07 2.5790399679981777e-12 5.525000498042585e-12 -1.7506697746769707e-23 2.9887841791795855e-15 -1.1334957427420202e-23 
0.0013335247697824114 5.944012133459192e-07 1.4601513559012054e-10 6.603817968309564e-11 4.904412138193464e-21 3.713519421972403e-14 4.2424524499096355e-21 
0.0015337371402778294 1.7772077808119893e-08 4.887845229533286e-11 5.7096336129350035e-12 8.728483048858327e-23 -7.336821088729584e-16 3.8461402579703907e-23 
0.0018675434744279075 1.905814174675926e-06 7.333666197730602e-10 5.543422919442515e-10 3.513166631210165e-19 7.624198325418403e-13 -3.8772106876790086e-20 
0.0017242813847481858 5.844185285794424e-07 7.486212219774564e-11 1.2431611002696503e-10 -3.3868369845308e-21 2.9643890734009255e-14 -1.1504679180948864e-20 
0.0014233550498488983 6.255124885498043e-07 1.907251330533464e-10 1.9875748602112172e-10 3.810303983353497e-20 1.49191548294115e-13 6.760050762167881e-21 
0.0015270909059536839 1.0310992297067482e-06 7.847930379797614e-11 5.673921650448014e-11 2.3860081457208177e-21 4.819758091651426e-14 2.939763759809688e-21 
0.0020804459330451665 1.8039156502616043e-07 4.257638247205676e-11 2.1106969749234178e-10 1.1810620996797327e-20 7.322365346434194e-14 -1.6151325195905252e-20 
0.0019201191586942484 4.111464728668628e-08 1.283974453963526e-10 2.6147147029980273e-10 4.4966380405089905e-20 3.9974478909422695e-14 -1.6530910679354223e-20 
0.0015101792519094344 7.83876154912484e-09 5.56661948626252e-12 3.893544093735289e-11 -4.0447038654812583e-22 3.3333229572648533e-15 4.0616854782435588e-22 
0.0010223092264989098 9.517577619583472e-09 2.1937926156969695e-11 3.124320123359982e-11 -3.7338482084566586e-22 -4.704068975297484e-16 -7.277632037137723e-22 
0.0017442521710201453 1.6456696011559114e-06 1.0267578839380182e-10 6.66207495047256e-11 4.737968745030637e-21 8.513934793849944e-14 2.8127015839256206e-21 
0.0015413977035127042 3.564019440628429e-07 2.2287079836789723e-11 3.752066973116307e-11 3.162366338474009e-22 1.3334256760742771e-14 -1.0378989023493548e-21 
0.0013968018149449622 4.203552250068789e-07 2.2114873242521527e-11 1.7845812347323285e-11 -7.950038786683332e-23 -1.8175375302399498e-15 -3.4549612723797807e-22 
0.001483308819892818 9.877240367919968e-07 6.409366154708561e-11 8.60980421890643e-11 4.587865125842693e-21 7.437189012847814e-14 4.456258226357435e-21 
0.0014921328177133681 9.167106655439237e-07 2.0413844609639588e-11 5.1728909138298035e-11 1.4504234693832935e-21 3.8806201191553865e-14 8.496842867725402e-22 
0.0012209319201869884 4.2159278211288714e-07 3.782878391188065e-11 7.612746356484097e-11 3.4576254766644204e-21 4.525611575220774e-14 2.1758783337122956e-21 
0.0016636606807996915 2.1298740581568524e-08 9.500344875422559e-12 9.176681484904767e-11 2.235886050728515e-21 1.3391290801405521e-14 1.530525621617626e-21 
0.0017132945798631932 8.545151747579038e-07 1.7174393818829804e-11 4.398579107208935e-11 -3.977199652087528e-22 2.706142540263074e-14 1.1416591108338945e-21 
0.0021862854329964716 1.2558848540586973e-06 2.0403873298775054e-11 1.5618982339471837e-10 8.568456511169134e-21 1.7447233032765645e-13 -2.079965851936365e-21 
0.0017024292745294553 1.0654443374959596e-06 5.5566046711786475e-11 6.592194691561168e-11 2.8150953576500264e-21 6.480896131530605e-14 -2.827303318344878e-21 
0.001350546542674541 1.0918147419621653e-07 4.50172320702966e-11 2.5197172421451453e-11 2.7329011310157123e-22 6.331237654865764e-15 8.034184239745696e-22 
0.0019910445086190136 1.4211256354113793e-06 8.81366845332799e-11 9.888484615267603e-11 5.8692287564434634e-21 1.0265927872924696e-13 -7.125518817460304e-21 
0.0015404549973115017 4.6543996415457556e-07 6.150232821989978e-11 1.232580183007374e-10 1.0730811210066133e-20 6.872101296100384e-14 1.381649610334502e-22 
