6488142 0.150390625 0.15120593692022263 0.279296875 0.287569573283859
6488142 0.49609375 0.1437847866419295 0.3125 0.2690166975881262
6488142 0.84326171875 0.15584415584415584 0.2958984375 0.2894248608534323
6488142 0.8310546875 0.5037105751391465 0.326171875 0.2690166975881262
6488142 0.150390625 0.49165120593692024 0.279296875 0.29313543599257885
6488142 0.48583984375 0.4647495361781076 0.2861328125 0.3209647495361781
6488142 0.51025390625 0.8079777365491652 0.3369140625 0.287569573283859
6488142 0.84326171875 0.8107606679035251 0.2919921875 0.2782931354359926
6488142 0.1572265625 0.8228200371057514 0.291015625 0.2653061224489796
6488139 0.77587890625 0.7393320964749536 0.0947265625 0.12059369202226346
6488139 0.7109375 0.40816326530612246 0.05078125 0.04452690166975881
6488139 0.7666015625 0.3979591836734694 0.060546875 0.04638218923933209
6488139 0.84326171875 0.39332096474953615 0.0908203125 0.04823747680890538
6488139 0.74267578125 0.48237476808905383 0.0576171875 0.05194805194805195
6488139 0.8193359375 0.4897959183673469 0.078125 0.055658627087198514